formationNo,formationId,formationName,period,startMinuteExpanded,endMinuteExpanded,jerseyNumbers,formationSlots,playerIds,formationPositions,matchId,awayTeamId,awayTeamName
1,6,4411,16,0,71,"[1, 8, 6, 16, 77, 5, 22, 17, 9, 72, 20, 2, 7, 13, 18, 21, 32, 90]","[1, 2, 3, 4, 5, 6, 7, 8, 9, 10, 11, 0, 0, 0, 0, 0, 0, 0]","[42879, 12492, 6638, 10705, 13720, 1657, 23043, 25485, 13901, 151, 12141, 11348, 32396, 18723, 10860, 35640, 17953, 5612]","[{'vertical': 0.0, 'horizontal': 5.0}, {'vertical': 2.5, 'horizontal': 1.0}, {'vertical': 2.5, 'horizontal': 9.0}, {'vertical': 5.0, 'horizontal': 3.5}, {'vertical': 2.5, 'horizontal': 3.5}, {'vertical': 2.5, 'horizontal': 6.5}, {'vertical': 5.0, 'horizontal': 1.0}, {'vertical': 5.0, 'horizontal': 6.5}, {'vertical': 9.0, 'horizontal': 5.0}, {'vertical': 6.5, 'horizontal': 5.0}, {'vertical': 5.0, 'horizontal': 9.0}]",347292,300,Atalanta
2,6,4411,16,71,73,"[1, 8, 6, 16, 77, 5, 22, 17, 9, 72, 90, 2, 7, 13, 18, 21, 32, 20]","[1, 2, 3, 4, 5, 6, 7, 8, 9, 10, 11, 0, 0, 0, 0, 0, 0, 0]","[42879, 12492, 6638, 10705, 13720, 1657, 23043, 25485, 13901, 151, 5612, 11348, 32396, 18723, 10860, 35640, 17953, 12141]","[{'vertical': 0.0, 'horizontal': 5.0}, {'vertical': 2.5, 'horizontal': 1.0}, {'vertical': 2.5, 'horizontal': 9.0}, {'vertical': 5.0, 'horizontal': 3.5}, {'vertical': 2.5, 'horizontal': 3.5}, {'vertical': 2.5, 'horizontal': 6.5}, {'vertical': 5.0, 'horizontal': 1.0}, {'vertical': 5.0, 'horizontal': 6.5}, {'vertical': 9.0, 'horizontal': 5.0}, {'vertical': 6.5, 'horizontal': 5.0}, {'vertical': 5.0, 'horizontal': 9.0}]",347292,300,Atalanta
3,3,41212,2,73,79,"[1, 8, 6, 16, 77, 5, 22, 72, 9, 90, 17, 2, 7, 13, 18, 21, 32]","[1, 2, 3, 4, 5, 6, 7, 8, 9, 10, 11, 0, 0, 0, 0, 0, 0]","[42879, 12492, 6638, 10705, 13720, 1657, 23043, 151, 13901, 5612, 25485, 11348, 32396, 18723, 10860, 35640, 17953]","[{'vertical': 0.0, 'horizontal': 5.0}, {'vertical': 2.5, 'horizontal': 1.0}, {'vertical': 2.5, 'horizontal': 9.0}, {'vertical': 5.0, 'horizontal': 5.0}, {'vertical': 2.5, 'horizontal': 3.5}, {'vertical': 2.5, 'horizontal': 6.5}, {'vertical': 5.0, 'horizontal': 2.0}, {'vertical': 7.0, 'horizontal': 5.0}, {'vertical': 9.0, 'horizontal': 6.5}, {'vertical': 9.0, 'horizontal': 3.5}, {'vertical': 5.0, 'horizontal': 8.0}]",347292,300,Atalanta
4,3,41212,2,79,83,"[1, 8, 6, 16, 77, 5, 22, 18, 9, 90, 17, 2, 7, 13, 72, 21, 32]","[1, 2, 3, 4, 5, 6, 7, 8, 9, 10, 11, 0, 0, 0, 0, 0, 0]","[42879, 12492, 6638, 10705, 13720, 1657, 23043, 10860, 13901, 5612, 25485, 11348, 32396, 18723, 151, 35640, 17953]","[{'vertical': 0.0, 'horizontal': 5.0}, {'vertical': 2.5, 'horizontal': 1.0}, {'vertical': 2.5, 'horizontal': 9.0}, {'vertical': 5.0, 'horizontal': 5.0}, {'vertical': 2.5, 'horizontal': 3.5}, {'vertical': 2.5, 'horizontal': 6.5}, {'vertical': 5.0, 'horizontal': 2.0}, {'vertical': 7.0, 'horizontal': 5.0}, {'vertical': 9.0, 'horizontal': 6.5}, {'vertical': 9.0, 'horizontal': 3.5}, {'vertical': 5.0, 'horizontal': 8.0}]",347292,300,Atalanta
5,3,41212,2,83,86,"[1, 13, 6, 16, 77, 5, 22, 18, 9, 90, 17, 2, 7, 8, 72, 21, 32]","[1, 2, 3, 4, 5, 6, 7, 8, 9, 10, 11, 0, 0, 0, 0, 0, 0]","[42879, 18723, 6638, 10705, 13720, 1657, 23043, 10860, 13901, 5612, 25485, 11348, 32396, 12492, 151, 35640, 17953]","[{'vertical': 0.0, 'horizontal': 5.0}, {'vertical': 2.5, 'horizontal': 1.0}, {'vertical': 2.5, 'horizontal': 9.0}, {'vertical': 5.0, 'horizontal': 5.0}, {'vertical': 2.5, 'horizontal': 3.5}, {'vertical': 2.5, 'horizontal': 6.5}, {'vertical': 5.0, 'horizontal': 2.0}, {'vertical': 7.0, 'horizontal': 5.0}, {'vertical': 9.0, 'horizontal': 6.5}, {'vertical': 9.0, 'horizontal': 3.5}, {'vertical': 5.0, 'horizontal': 8.0}]",347292,300,Atalanta
6,3,41212,2,86,93,"[1, 6, 13, 16, 77, 5, 22, 18, 9, 90, 17, 2, 7, 21, 32]","[1, 2, 3, 4, 5, 6, 7, 8, 9, 10, 11, 0, 0, 0, 0]","[42879, 6638, 18723, 10705, 13720, 1657, 23043, 10860, 13901, 5612, 25485, 11348, 32396, 35640, 17953]","[{'vertical': 0.0, 'horizontal': 5.0}, {'vertical': 2.5, 'horizontal': 1.0}, {'vertical': 2.5, 'horizontal': 9.0}, {'vertical': 5.0, 'horizontal': 5.0}, {'vertical': 2.5, 'horizontal': 3.5}, {'vertical': 2.5, 'horizontal': 6.5}, {'vertical': 5.0, 'horizontal': 2.0}, {'vertical': 7.0, 'horizontal': 5.0}, {'vertical': 9.0, 'horizontal': 6.5}, {'vertical': 9.0, 'horizontal': 3.5}, {'vertical': 5.0, 'horizontal': 8.0}]",347292,300,Atalanta
