formationNo,formationId,formationName,period,startMinuteExpanded,endMinuteExpanded,jerseyNumbers,formationSlots,playerIds,formationPositions,matchId,awayTeamId,awayTeamName
1,17,3421,16,0,48,"[1, 77, 46, 59, 13, 2, 21, 3, 99, 83, 7, 5, 8, 9, 11, 15, 17, 87]","[1, 2, 3, 4, 5, 6, 7, 8, 9, 10, 11, 0, 0, 0, 0, 0, 0, 0]","[14129, 9943, 569, 67855, 14135, 16174, 11399, 1440, 2072, 34112, 18092, 20638, 4462, 10165, 10866, 24001, 19107, 44094]","[{'vertical': 0.0, 'horizontal': 5.0}, {'vertical': 5.0, 'horizontal': 1.0}, {'vertical': 5.0, 'horizontal': 9.0}, {'vertical': 2.5, 'horizontal': 8.0}, {'vertical': 2.5, 'horizontal': 5.0}, {'vertical': 2.5, 'horizontal': 2.0}, {'vertical': 5.0, 'horizontal': 3.5}, {'vertical': 5.0, 'horizontal': 6.5}, {'vertical': 9.0, 'horizontal': 5.0}, {'vertical': 7.5, 'horizontal': 3.5}, {'vertical': 7.5, 'horizontal': 6.5}]",347521,1286,Livorno
2,17,3421,16,48,52,"[1, 77, 87, 59, 13, 2, 21, 3, 99, 83, 7, 5, 8, 9, 11, 15, 17, 46]","[1, 2, 3, 4, 5, 6, 7, 8, 9, 10, 11, 0, 0, 0, 0, 0, 0, 0]","[14129, 9943, 44094, 67855, 14135, 16174, 11399, 1440, 2072, 34112, 18092, 20638, 4462, 10165, 10866, 24001, 19107, 569]","[{'vertical': 0.0, 'horizontal': 5.0}, {'vertical': 5.0, 'horizontal': 1.0}, {'vertical': 5.0, 'horizontal': 9.0}, {'vertical': 2.5, 'horizontal': 8.0}, {'vertical': 2.5, 'horizontal': 5.0}, {'vertical': 2.5, 'horizontal': 2.0}, {'vertical': 5.0, 'horizontal': 3.5}, {'vertical': 5.0, 'horizontal': 6.5}, {'vertical': 9.0, 'horizontal': 5.0}, {'vertical': 7.5, 'horizontal': 3.5}, {'vertical': 7.5, 'horizontal': 6.5}]",347521,1286,Livorno
3,17,3421,2,52,57,"[1, 77, 87, 59, 13, 2, 21, 3, 99, 7, 83, 5, 8, 9, 11, 15, 17]","[1, 2, 3, 4, 5, 6, 7, 8, 9, 10, 11, 0, 0, 0, 0, 0, 0]","[14129, 9943, 44094, 67855, 14135, 16174, 11399, 1440, 2072, 18092, 34112, 20638, 4462, 10165, 10866, 24001, 19107]","[{'vertical': 0.0, 'horizontal': 5.0}, {'vertical': 5.0, 'horizontal': 1.0}, {'vertical': 5.0, 'horizontal': 9.0}, {'vertical': 2.5, 'horizontal': 8.0}, {'vertical': 2.5, 'horizontal': 5.0}, {'vertical': 2.5, 'horizontal': 2.0}, {'vertical': 5.0, 'horizontal': 3.5}, {'vertical': 5.0, 'horizontal': 6.5}, {'vertical': 9.0, 'horizontal': 5.0}, {'vertical': 7.5, 'horizontal': 3.5}, {'vertical': 7.5, 'horizontal': 6.5}]",347521,1286,Livorno
4,17,3421,2,57,72,"[1, 7, 87, 59, 13, 2, 21, 3, 99, 15, 83, 5, 8, 9, 11, 17]","[1, 2, 3, 4, 5, 6, 7, 8, 9, 10, 11, 0, 0, 0, 0, 0]","[14129, 18092, 44094, 67855, 14135, 16174, 11399, 1440, 2072, 24001, 34112, 20638, 4462, 10165, 10866, 19107]","[{'vertical': 0.0, 'horizontal': 5.0}, {'vertical': 5.0, 'horizontal': 1.0}, {'vertical': 5.0, 'horizontal': 9.0}, {'vertical': 2.5, 'horizontal': 8.0}, {'vertical': 2.5, 'horizontal': 5.0}, {'vertical': 2.5, 'horizontal': 2.0}, {'vertical': 5.0, 'horizontal': 3.5}, {'vertical': 5.0, 'horizontal': 6.5}, {'vertical': 9.0, 'horizontal': 5.0}, {'vertical': 7.5, 'horizontal': 3.5}, {'vertical': 7.5, 'horizontal': 6.5}]",347521,1286,Livorno
5,4,433,2,72,88,"[1, 59, 87, 21, 13, 2, 3, 83, 99, 7, 15, 5, 8, 9, 11, 17]","[1, 2, 3, 4, 5, 6, 7, 8, 9, 10, 11, 0, 0, 0, 0, 0]","[14129, 67855, 44094, 11399, 14135, 16174, 1440, 34112, 2072, 18092, 24001, 20638, 4462, 10165, 10866, 19107]","[{'vertical': 0.0, 'horizontal': 5.0}, {'vertical': 2.5, 'horizontal': 1.0}, {'vertical': 2.5, 'horizontal': 9.0}, {'vertical': 5.5, 'horizontal': 5.0}, {'vertical': 2.5, 'horizontal': 3.5}, {'vertical': 2.5, 'horizontal': 6.5}, {'vertical': 5.5, 'horizontal': 2.0}, {'vertical': 5.5, 'horizontal': 8.0}, {'vertical': 8.5, 'horizontal': 5.0}, {'vertical': 8.5, 'horizontal': 2.0}, {'vertical': 8.5, 'horizontal': 8.0}]",347521,1286,Livorno
6,4,433,2,88,93,"[1, 59, 87, 21, 13, 2, 5, 83, 99, 7, 15, 3, 8, 9, 11, 17]","[1, 2, 3, 4, 5, 6, 7, 8, 9, 10, 11, 0, 0, 0, 0, 0]","[14129, 67855, 44094, 11399, 14135, 16174, 20638, 34112, 2072, 18092, 24001, 1440, 4462, 10165, 10866, 19107]","[{'vertical': 0.0, 'horizontal': 5.0}, {'vertical': 2.5, 'horizontal': 1.0}, {'vertical': 2.5, 'horizontal': 9.0}, {'vertical': 5.5, 'horizontal': 5.0}, {'vertical': 2.5, 'horizontal': 3.5}, {'vertical': 2.5, 'horizontal': 6.5}, {'vertical': 5.5, 'horizontal': 2.0}, {'vertical': 5.5, 'horizontal': 8.0}, {'vertical': 8.5, 'horizontal': 5.0}, {'vertical': 8.5, 'horizontal': 2.0}, {'vertical': 8.5, 'horizontal': 8.0}]",347521,1286,Livorno
