formationNo,formationId,formationName,period,startMinuteExpanded,endMinuteExpanded,jerseyNumbers,formationSlots,playerIds,formationPositions,matchId,homeTeamId,homeTeamName
1,13,343,16,0,46,"[73, 20, 4, 26, 24, 7, 28, 77, 14, 8, 10, 9, 13, 21, 23, 33, 40, 32]","[1, 2, 3, 4, 5, 6, 7, 8, 9, 10, 11, 0, 0, 0, 0, 0, 0, 0]","[30581, 6107, 13895, 23065, 2877, 630, 17466, 4134, 4135, 14871, 10468, 147, 33825, 9457, 12349, 14152, 42860, 6022]","[{'vertical': 0.0, 'horizontal': 5.0}, {'vertical': 5.5, 'horizontal': 1.0}, {'vertical': 5.5, 'horizontal': 9.0}, {'vertical': 2.5, 'horizontal': 8.0}, {'vertical': 2.5, 'horizontal': 5.0}, {'vertical': 2.5, 'horizontal': 2.0}, {'vertical': 5.5, 'horizontal': 3.5}, {'vertical': 5.5, 'horizontal': 6.5}, {'vertical': 8.5, 'horizontal': 5.0}, {'vertical': 8.5, 'horizontal': 2.5}, {'vertical': 8.5, 'horizontal': 7.5}]",347528,278,Genoa
2,13,343,16,46,47,"[73, 20, 4, 26, 24, 7, 28, 77, 14, 33, 10, 9, 13, 21, 23, 8, 40, 32]","[1, 2, 3, 4, 5, 6, 7, 8, 9, 10, 11, 0, 0, 0, 0, 0, 0, 0]","[30581, 6107, 13895, 23065, 2877, 630, 17466, 4134, 4135, 14152, 10468, 147, 33825, 9457, 12349, 14871, 42860, 6022]","[{'vertical': 0.0, 'horizontal': 5.0}, {'vertical': 5.5, 'horizontal': 1.0}, {'vertical': 5.5, 'horizontal': 9.0}, {'vertical': 2.5, 'horizontal': 8.0}, {'vertical': 2.5, 'horizontal': 5.0}, {'vertical': 2.5, 'horizontal': 2.0}, {'vertical': 5.5, 'horizontal': 3.5}, {'vertical': 5.5, 'horizontal': 6.5}, {'vertical': 8.5, 'horizontal': 5.0}, {'vertical': 8.5, 'horizontal': 2.5}, {'vertical': 8.5, 'horizontal': 7.5}]",347528,278,Genoa
3,13,343,2,47,79,"[73, 20, 4, 26, 24, 7, 28, 77, 33, 10, 14, 9, 13, 21, 23, 32, 40]","[1, 2, 3, 4, 5, 6, 7, 8, 9, 10, 11, 0, 0, 0, 0, 0, 0]","[30581, 6107, 13895, 23065, 2877, 630, 17466, 4134, 14152, 10468, 4135, 147, 33825, 9457, 12349, 6022, 42860]","[{'vertical': 0.0, 'horizontal': 5.0}, {'vertical': 5.5, 'horizontal': 1.0}, {'vertical': 5.5, 'horizontal': 9.0}, {'vertical': 2.5, 'horizontal': 8.0}, {'vertical': 2.5, 'horizontal': 5.0}, {'vertical': 2.5, 'horizontal': 2.0}, {'vertical': 5.5, 'horizontal': 3.5}, {'vertical': 5.5, 'horizontal': 6.5}, {'vertical': 8.5, 'horizontal': 5.0}, {'vertical': 8.5, 'horizontal': 2.5}, {'vertical': 8.5, 'horizontal': 7.5}]",347528,278,Genoa
4,13,343,2,79,85,"[73, 40, 4, 26, 24, 7, 28, 77, 33, 10, 14, 9, 13, 21, 23, 32, 20]","[1, 2, 3, 4, 5, 6, 7, 8, 9, 10, 11, 0, 0, 0, 0, 0, 0]","[30581, 42860, 13895, 23065, 2877, 630, 17466, 4134, 14152, 10468, 4135, 147, 33825, 9457, 12349, 6022, 6107]","[{'vertical': 0.0, 'horizontal': 5.0}, {'vertical': 5.5, 'horizontal': 1.0}, {'vertical': 5.5, 'horizontal': 9.0}, {'vertical': 2.5, 'horizontal': 8.0}, {'vertical': 2.5, 'horizontal': 5.0}, {'vertical': 2.5, 'horizontal': 2.0}, {'vertical': 5.5, 'horizontal': 3.5}, {'vertical': 5.5, 'horizontal': 6.5}, {'vertical': 8.5, 'horizontal': 5.0}, {'vertical': 8.5, 'horizontal': 2.5}, {'vertical': 8.5, 'horizontal': 7.5}]",347528,278,Genoa
5,13,343,2,85,95,"[73, 40, 4, 26, 24, 7, 28, 77, 9, 10, 33, 13, 21, 23, 32]","[1, 2, 3, 4, 5, 6, 7, 8, 9, 10, 11, 0, 0, 0, 0]","[30581, 42860, 13895, 23065, 2877, 630, 17466, 4134, 147, 10468, 14152, 33825, 9457, 12349, 6022]","[{'vertical': 0.0, 'horizontal': 5.0}, {'vertical': 5.5, 'horizontal': 1.0}, {'vertical': 5.5, 'horizontal': 9.0}, {'vertical': 2.5, 'horizontal': 8.0}, {'vertical': 2.5, 'horizontal': 5.0}, {'vertical': 2.5, 'horizontal': 2.0}, {'vertical': 5.5, 'horizontal': 3.5}, {'vertical': 5.5, 'horizontal': 6.5}, {'vertical': 8.5, 'horizontal': 5.0}, {'vertical': 8.5, 'horizontal': 2.5}, {'vertical': 8.5, 'horizontal': 7.5}]",347528,278,Genoa
