formationNo,formationId,formationName,period,startMinuteExpanded,endMinuteExpanded,jerseyNumbers,formationSlots,playerIds,formationPositions,matchId,homeTeamId,homeTeamName
1,6,4411,16,0,63,"[1, 8, 6, 16, 2, 5, 22, 17, 9, 72, 20, 7, 13, 18, 21, 32, 77, 90]","[1, 2, 3, 4, 5, 6, 7, 8, 9, 10, 11, 0, 0, 0, 0, 0, 0, 0]","[42879, 12492, 6638, 10705, 11348, 1657, 23043, 25485, 13901, 151, 12141, 32396, 18723, 10860, 35640, 17953, 13720, 5612]","[{'vertical': 0.0, 'horizontal': 5.0}, {'vertical': 2.5, 'horizontal': 1.0}, {'vertical': 2.5, 'horizontal': 9.0}, {'vertical': 5.0, 'horizontal': 3.5}, {'vertical': 2.5, 'horizontal': 3.5}, {'vertical': 2.5, 'horizontal': 6.5}, {'vertical': 5.0, 'horizontal': 1.0}, {'vertical': 5.0, 'horizontal': 6.5}, {'vertical': 9.0, 'horizontal': 5.0}, {'vertical': 6.5, 'horizontal': 5.0}, {'vertical': 5.0, 'horizontal': 9.0}]",347307,300,Atalanta
2,6,4411,16,63,79,"[1, 8, 6, 16, 2, 5, 22, 17, 9, 72, 90, 7, 13, 18, 21, 32, 77, 20]","[1, 2, 3, 4, 5, 6, 7, 8, 9, 10, 11, 0, 0, 0, 0, 0, 0, 0]","[42879, 12492, 6638, 10705, 11348, 1657, 23043, 25485, 13901, 151, 5612, 32396, 18723, 10860, 35640, 17953, 13720, 12141]","[{'vertical': 0.0, 'horizontal': 5.0}, {'vertical': 2.5, 'horizontal': 1.0}, {'vertical': 2.5, 'horizontal': 9.0}, {'vertical': 5.0, 'horizontal': 3.5}, {'vertical': 2.5, 'horizontal': 3.5}, {'vertical': 2.5, 'horizontal': 6.5}, {'vertical': 5.0, 'horizontal': 1.0}, {'vertical': 5.0, 'horizontal': 6.5}, {'vertical': 9.0, 'horizontal': 5.0}, {'vertical': 6.5, 'horizontal': 5.0}, {'vertical': 5.0, 'horizontal': 9.0}]",347307,300,Atalanta
3,6,4411,16,79,93,"[1, 8, 6, 16, 2, 5, 22, 18, 9, 72, 90, 7, 13, 17, 21, 32, 77, 20]","[1, 2, 3, 4, 5, 6, 7, 8, 9, 10, 11, 0, 0, 0, 0, 0, 0, 0]","[42879, 12492, 6638, 10705, 11348, 1657, 23043, 10860, 13901, 151, 5612, 32396, 18723, 25485, 35640, 17953, 13720, 12141]","[{'vertical': 0.0, 'horizontal': 5.0}, {'vertical': 2.5, 'horizontal': 1.0}, {'vertical': 2.5, 'horizontal': 9.0}, {'vertical': 5.0, 'horizontal': 3.5}, {'vertical': 2.5, 'horizontal': 3.5}, {'vertical': 2.5, 'horizontal': 6.5}, {'vertical': 5.0, 'horizontal': 1.0}, {'vertical': 5.0, 'horizontal': 6.5}, {'vertical': 9.0, 'horizontal': 5.0}, {'vertical': 6.5, 'horizontal': 5.0}, {'vertical': 5.0, 'horizontal': 9.0}]",347307,300,Atalanta
4,6,4411,16,93,93,"[1, 7, 6, 16, 2, 5, 22, 18, 9, 72, 90, 8, 13, 17, 21, 32, 77, 20]","[1, 2, 3, 4, 5, 6, 7, 8, 9, 10, 11, 0, 0, 0, 0, 0, 0, 0]","[42879, 32396, 6638, 10705, 11348, 1657, 23043, 10860, 13901, 151, 5612, 12492, 18723, 25485, 35640, 17953, 13720, 12141]","[{'vertical': 0.0, 'horizontal': 5.0}, {'vertical': 2.5, 'horizontal': 1.0}, {'vertical': 2.5, 'horizontal': 9.0}, {'vertical': 5.0, 'horizontal': 3.5}, {'vertical': 2.5, 'horizontal': 3.5}, {'vertical': 2.5, 'horizontal': 6.5}, {'vertical': 5.0, 'horizontal': 1.0}, {'vertical': 5.0, 'horizontal': 6.5}, {'vertical': 9.0, 'horizontal': 5.0}, {'vertical': 6.5, 'horizontal': 5.0}, {'vertical': 5.0, 'horizontal': 9.0}]",347307,300,Atalanta
