formationNo,formationId,formationName,period,startMinuteExpanded,endMinuteExpanded,jerseyNumbers,formationSlots,playerIds,formationPositions,matchId,awayTeamId,awayTeamName
1,3,41212,16,0,33,"[85, 87, 3, 10, 6, 15, 8, 2, 32, 18, 17, 7, 11, 12, 19, 21, 24, 31]","[1, 2, 3, 4, 5, 6, 7, 8, 9, 10, 11, 0, 0, 0, 0, 0, 0, 0]","[10376, 14254, 14069, 6203, 27422, 34985, 2651, 32397, 3853, 26240, 10861, 10929, 9892, 25764, 30469, 14156, 29244, 56224]","[{'vertical': 0.0, 'horizontal': 5.0}, {'vertical': 2.5, 'horizontal': 1.0}, {'vertical': 2.5, 'horizontal': 9.0}, {'vertical': 5.0, 'horizontal': 5.0}, {'vertical': 2.5, 'horizontal': 3.5}, {'vertical': 2.5, 'horizontal': 6.5}, {'vertical': 5.0, 'horizontal': 2.0}, {'vertical': 7.0, 'horizontal': 5.0}, {'vertical': 9.0, 'horizontal': 6.5}, {'vertical': 9.0, 'horizontal': 3.5}, {'vertical': 5.0, 'horizontal': 8.0}]",347453,773,Robur Siena
2,3,41212,1,33,47,"[85, 87, 3, 10, 6, 15, 8, 32, 18, 2, 7, 11, 12, 19, 21, 24, 31]","[1, 2, 3, 4, 5, 6, 7, 9, 10, 11, 0, 0, 0, 0, 0, 0, 0]","[10376, 14254, 14069, 6203, 27422, 34985, 2651, 3853, 26240, 32397, 10929, 9892, 25764, 30469, 14156, 29244, 56224]","[{'vertical': 0.0, 'horizontal': 5.0}, {'vertical': 2.5, 'horizontal': 1.0}, {'vertical': 2.5, 'horizontal': 9.0}, {'vertical': 5.0, 'horizontal': 5.0}, {'vertical': 2.5, 'horizontal': 3.5}, {'vertical': 2.5, 'horizontal': 6.5}, {'vertical': 5.0, 'horizontal': 2.0}, {'vertical': 7.0, 'horizontal': 5.0}, {'vertical': 9.0, 'horizontal': 6.5}, {'vertical': 9.0, 'horizontal': 3.5}, {'vertical': 5.0, 'horizontal': 8.0}]",347453,773,Robur Siena
3,3,41212,1,47,63,"[85, 87, 3, 10, 6, 15, 8, 32, 18, 2, 24, 11, 12, 19, 21, 2, 31]","[1, 2, 3, 4, 5, 6, 7, 9, 10, 11, 0, 0, 0, 0, 0, 0, 0]","[10376, 14254, 14069, 6203, 27422, 34985, 2651, 3853, 26240, 32397, 29244, 9892, 25764, 30469, 14156, 32397, 56224]","[{'vertical': 0.0, 'horizontal': 5.0}, {'vertical': 2.5, 'horizontal': 1.0}, {'vertical': 2.5, 'horizontal': 9.0}, {'vertical': 5.0, 'horizontal': 5.0}, {'vertical': 2.5, 'horizontal': 3.5}, {'vertical': 2.5, 'horizontal': 6.5}, {'vertical': 5.0, 'horizontal': 2.0}, {'vertical': 7.0, 'horizontal': 5.0}, {'vertical': 9.0, 'horizontal': 6.5}, {'vertical': 9.0, 'horizontal': 3.5}, {'vertical': 5.0, 'horizontal': 8.0}]",347453,773,Robur Siena
4,3,41212,1,63,82,"[85, 87, 3, 12, 6, 15, 8, 32, 18, 2, 24, 11, 10, 19, 21, 2, 31]","[1, 2, 3, 4, 5, 6, 7, 9, 10, 11, 0, 0, 0, 0, 0, 0, 0]","[10376, 14254, 14069, 25764, 27422, 34985, 2651, 3853, 26240, 32397, 29244, 9892, 6203, 30469, 14156, 32397, 56224]","[{'vertical': 0.0, 'horizontal': 5.0}, {'vertical': 2.5, 'horizontal': 1.0}, {'vertical': 2.5, 'horizontal': 9.0}, {'vertical': 5.0, 'horizontal': 5.0}, {'vertical': 2.5, 'horizontal': 3.5}, {'vertical': 2.5, 'horizontal': 6.5}, {'vertical': 5.0, 'horizontal': 2.0}, {'vertical': 7.0, 'horizontal': 5.0}, {'vertical': 9.0, 'horizontal': 6.5}, {'vertical': 9.0, 'horizontal': 3.5}, {'vertical': 5.0, 'horizontal': 8.0}]",347453,773,Robur Siena
5,3,41212,1,82,94,"[85, 11, 3, 12, 6, 15, 8, 32, 18, 2, 24, 87, 10, 19, 21, 2, 31]","[1, 2, 3, 4, 5, 6, 7, 9, 10, 11, 0, 0, 0, 0, 0, 0, 0]","[10376, 9892, 14069, 25764, 27422, 34985, 2651, 3853, 26240, 32397, 29244, 14254, 6203, 30469, 14156, 32397, 56224]","[{'vertical': 0.0, 'horizontal': 5.0}, {'vertical': 2.5, 'horizontal': 1.0}, {'vertical': 2.5, 'horizontal': 9.0}, {'vertical': 5.0, 'horizontal': 5.0}, {'vertical': 2.5, 'horizontal': 3.5}, {'vertical': 2.5, 'horizontal': 6.5}, {'vertical': 5.0, 'horizontal': 2.0}, {'vertical': 7.0, 'horizontal': 5.0}, {'vertical': 9.0, 'horizontal': 6.5}, {'vertical': 9.0, 'horizontal': 3.5}, {'vertical': 5.0, 'horizontal': 8.0}]",347453,773,Robur Siena
