formationNo,formationId,formationName,period,startMinuteExpanded,endMinuteExpanded,jerseyNumbers,formationSlots,playerIds,formationPositions,matchId,awayTeamId,awayTeamName
1,8,4231,16,0,65,"[32, 13, 77, 16, 5, 4, 11, 33, 9, 20, 21, 2, 3, 14, 19, 26, 27, 89]","[1, 2, 3, 4, 5, 6, 7, 8, 9, 10, 11, 0, 0, 0, 0, 0, 0, 0]","[14252, 12874, 5785, 5202, 2303, 3729, 5698, 2568, 4580, 1964, 14118, 119500, 78892, 22108, 9444, 7459, 24526, 14255]","[{'vertical': 0.0, 'horizontal': 5.0}, {'vertical': 2.5, 'horizontal': 1.0}, {'vertical': 2.5, 'horizontal': 9.0}, {'vertical': 5.0, 'horizontal': 6.5}, {'vertical': 2.5, 'horizontal': 3.5}, {'vertical': 2.5, 'horizontal': 6.5}, {'vertical': 7.0, 'horizontal': 2.0}, {'vertical': 5.0, 'horizontal': 3.5}, {'vertical': 9.0, 'horizontal': 5.0}, {'vertical': 7.0, 'horizontal': 5.0}, {'vertical': 7.0, 'horizontal': 8.0}]",347474,84,Roma
2,8,4231,16,65,74,"[32, 13, 3, 16, 5, 4, 11, 33, 9, 20, 21, 2, 77, 14, 19, 26, 27, 89]","[1, 2, 3, 4, 5, 6, 7, 8, 9, 10, 11, 0, 0, 0, 0, 0, 0, 0]","[14252, 12874, 78892, 5202, 2303, 3729, 5698, 2568, 4580, 1964, 14118, 119500, 5785, 22108, 9444, 7459, 24526, 14255]","[{'vertical': 0.0, 'horizontal': 5.0}, {'vertical': 2.5, 'horizontal': 1.0}, {'vertical': 2.5, 'horizontal': 9.0}, {'vertical': 5.0, 'horizontal': 6.5}, {'vertical': 2.5, 'horizontal': 3.5}, {'vertical': 2.5, 'horizontal': 6.5}, {'vertical': 7.0, 'horizontal': 2.0}, {'vertical': 5.0, 'horizontal': 3.5}, {'vertical': 9.0, 'horizontal': 5.0}, {'vertical': 7.0, 'horizontal': 5.0}, {'vertical': 7.0, 'horizontal': 8.0}]",347474,84,Roma
3,8,4231,16,74,94,"[32, 2, 3, 16, 5, 4, 11, 33, 9, 20, 21, 13, 77, 14, 19, 26, 27, 89]","[1, 2, 3, 4, 5, 6, 7, 8, 9, 10, 11, 0, 0, 0, 0, 0, 0, 0]","[14252, 119500, 78892, 5202, 2303, 3729, 5698, 2568, 4580, 1964, 14118, 12874, 5785, 22108, 9444, 7459, 24526, 14255]","[{'vertical': 0.0, 'horizontal': 5.0}, {'vertical': 2.5, 'horizontal': 1.0}, {'vertical': 2.5, 'horizontal': 9.0}, {'vertical': 5.0, 'horizontal': 6.5}, {'vertical': 2.5, 'horizontal': 3.5}, {'vertical': 2.5, 'horizontal': 6.5}, {'vertical': 7.0, 'horizontal': 2.0}, {'vertical': 5.0, 'horizontal': 3.5}, {'vertical': 9.0, 'horizontal': 5.0}, {'vertical': 7.0, 'horizontal': 5.0}, {'vertical': 7.0, 'horizontal': 8.0}]",347474,84,Roma
