formationNo,formationId,formationName,period,startMinuteExpanded,endMinuteExpanded,jerseyNumbers,formationSlots,playerIds,formationPositions,matchId,awayTeamId,awayTeamName
1,3,41212,16,0,68,"[22, 15, 31, 5, 21, 13, 4, 7, 27, 32, 10, 6, 8, 9, 18, 20, 23, 24]","[1, 2, 3, 4, 5, 6, 7, 8, 9, 10, 11, 0, 0, 0, 0, 0, 0, 0]","[44089, 16170, 2632, 9931, 17950, 44643, 14127, 9731, 10608, 25079, 10233, 9924, 14070, 27489, 17956, 2832, 30918, 2139]","[{'vertical': 0.0, 'horizontal': 5.0}, {'vertical': 2.5, 'horizontal': 1.0}, {'vertical': 2.5, 'horizontal': 9.0}, {'vertical': 5.0, 'horizontal': 5.0}, {'vertical': 2.5, 'horizontal': 3.5}, {'vertical': 2.5, 'horizontal': 6.5}, {'vertical': 5.0, 'horizontal': 2.0}, {'vertical': 7.0, 'horizontal': 5.0}, {'vertical': 9.0, 'horizontal': 6.5}, {'vertical': 9.0, 'horizontal': 3.5}, {'vertical': 5.0, 'horizontal': 8.0}]",347444,78,Cagliari
2,3,41212,2,68,89,"[22, 15, 31, 5, 21, 13, 4, 10, 27, 32, 8, 6, 9, 18, 20, 23, 24]","[1, 2, 3, 4, 5, 6, 7, 8, 9, 10, 11, 0, 0, 0, 0, 0, 0]","[44089, 16170, 2632, 9931, 17950, 44643, 14127, 10233, 10608, 25079, 14070, 9924, 27489, 17956, 2832, 30918, 2139]","[{'vertical': 0.0, 'horizontal': 5.0}, {'vertical': 2.5, 'horizontal': 1.0}, {'vertical': 2.5, 'horizontal': 9.0}, {'vertical': 5.0, 'horizontal': 5.0}, {'vertical': 2.5, 'horizontal': 3.5}, {'vertical': 2.5, 'horizontal': 6.5}, {'vertical': 5.0, 'horizontal': 2.0}, {'vertical': 7.0, 'horizontal': 5.0}, {'vertical': 9.0, 'horizontal': 6.5}, {'vertical': 9.0, 'horizontal': 3.5}, {'vertical': 5.0, 'horizontal': 8.0}]",347444,78,Cagliari
3,3,41212,2,89,89,"[22, 15, 31, 5, 21, 13, 4, 10, 27, 9, 8, 6, 32, 18, 20, 23, 24]","[1, 2, 3, 4, 5, 6, 7, 8, 9, 10, 11, 0, 0, 0, 0, 0, 0]","[44089, 16170, 2632, 9931, 17950, 44643, 14127, 10233, 10608, 27489, 14070, 9924, 25079, 17956, 2832, 30918, 2139]","[{'vertical': 0.0, 'horizontal': 5.0}, {'vertical': 2.5, 'horizontal': 1.0}, {'vertical': 2.5, 'horizontal': 9.0}, {'vertical': 5.0, 'horizontal': 5.0}, {'vertical': 2.5, 'horizontal': 3.5}, {'vertical': 2.5, 'horizontal': 6.5}, {'vertical': 5.0, 'horizontal': 2.0}, {'vertical': 7.0, 'horizontal': 5.0}, {'vertical': 9.0, 'horizontal': 6.5}, {'vertical': 9.0, 'horizontal': 3.5}, {'vertical': 5.0, 'horizontal': 8.0}]",347444,78,Cagliari
4,3,41212,2,89,91,"[22, 20, 31, 5, 21, 13, 4, 10, 27, 9, 8, 6, 32, 18, 15, 23, 24]","[1, 2, 3, 4, 5, 6, 7, 8, 9, 10, 11, 0, 0, 0, 0, 0, 0]","[44089, 2832, 2632, 9931, 17950, 44643, 14127, 10233, 10608, 27489, 14070, 9924, 25079, 17956, 16170, 30918, 2139]","[{'vertical': 0.0, 'horizontal': 5.0}, {'vertical': 2.5, 'horizontal': 1.0}, {'vertical': 2.5, 'horizontal': 9.0}, {'vertical': 5.0, 'horizontal': 5.0}, {'vertical': 2.5, 'horizontal': 3.5}, {'vertical': 2.5, 'horizontal': 6.5}, {'vertical': 5.0, 'horizontal': 2.0}, {'vertical': 7.0, 'horizontal': 5.0}, {'vertical': 9.0, 'horizontal': 6.5}, {'vertical': 9.0, 'horizontal': 3.5}, {'vertical': 5.0, 'horizontal': 8.0}]",347444,78,Cagliari
5,3,41212,2,91,95,"[22, 4, 31, 5, 21, 13, 10, 27, 9, 32, 8, 6, 18, 20, 23, 24]","[1, 2, 3, 4, 5, 6, 7, 8, 9, 10, 11, 0, 0, 0, 0, 0]","[44089, 14127, 2632, 9931, 17950, 44643, 10233, 10608, 27489, 25079, 14070, 9924, 17956, 2832, 30918, 2139]","[{'vertical': 0.0, 'horizontal': 5.0}, {'vertical': 2.5, 'horizontal': 1.0}, {'vertical': 2.5, 'horizontal': 9.0}, {'vertical': 5.0, 'horizontal': 5.0}, {'vertical': 2.5, 'horizontal': 3.5}, {'vertical': 2.5, 'horizontal': 6.5}, {'vertical': 5.0, 'horizontal': 2.0}, {'vertical': 7.0, 'horizontal': 5.0}, {'vertical': 9.0, 'horizontal': 6.5}, {'vertical': 9.0, 'horizontal': 3.5}, {'vertical': 5.0, 'horizontal': 8.0}]",347444,78,Cagliari
