formationNo,formationId,formationName,period,startMinuteExpanded,endMinuteExpanded,jerseyNumbers,formationSlots,playerIds,formationPositions,matchId,awayTeamId,awayTeamName
1,3,41212,16,0,58,"[46, 16, 42, 8, 24, 5, 9, 30, 10, 20, 23, 3, 6, 7, 14, 83, 88, 99]","[1, 2, 3, 4, 5, 6, 7, 8, 9, 10, 11, 0, 0, 0, 0, 0, 0, 0]","[22627, 11402, 13356, 10930, 20769, 6134, 19553, 10414, 4051, 9979, 4114, 11322, 41220, 24328, 22645, 30580, 156, 32380]","[{'vertical': 0.0, 'horizontal': 5.0}, {'vertical': 2.5, 'horizontal': 1.0}, {'vertical': 2.5, 'horizontal': 9.0}, {'vertical': 5.0, 'horizontal': 5.0}, {'vertical': 2.5, 'horizontal': 3.5}, {'vertical': 2.5, 'horizontal': 6.5}, {'vertical': 5.0, 'horizontal': 2.0}, {'vertical': 7.0, 'horizontal': 5.0}, {'vertical': 9.0, 'horizontal': 6.5}, {'vertical': 9.0, 'horizontal': 3.5}, {'vertical': 5.0, 'horizontal': 8.0}]",347406,1285,Palermo FC
2,3,41212,16,58,74,"[46, 16, 42, 8, 24, 5, 9, 30, 10, 7, 23, 3, 6, 20, 14, 83, 88, 99]","[1, 2, 3, 4, 5, 6, 7, 8, 9, 10, 11, 0, 0, 0, 0, 0, 0, 0]","[22627, 11402, 13356, 10930, 20769, 6134, 19553, 10414, 4051, 24328, 4114, 11322, 41220, 9979, 22645, 30580, 156, 32380]","[{'vertical': 0.0, 'horizontal': 5.0}, {'vertical': 2.5, 'horizontal': 1.0}, {'vertical': 2.5, 'horizontal': 9.0}, {'vertical': 5.0, 'horizontal': 5.0}, {'vertical': 2.5, 'horizontal': 3.5}, {'vertical': 2.5, 'horizontal': 6.5}, {'vertical': 5.0, 'horizontal': 2.0}, {'vertical': 7.0, 'horizontal': 5.0}, {'vertical': 9.0, 'horizontal': 6.5}, {'vertical': 9.0, 'horizontal': 3.5}, {'vertical': 5.0, 'horizontal': 8.0}]",347406,1285,Palermo FC
3,13,343,2,74,75,"[46, 5, 30, 42, 8, 16, 9, 99, 10, 7, 23, 3, 6, 14, 83, 88]","[1, 2, 3, 4, 5, 6, 7, 8, 9, 10, 11, 0, 0, 0, 0, 0]","[22627, 6134, 10414, 13356, 10930, 11402, 19553, 32380, 4051, 24328, 4114, 11322, 41220, 22645, 30580, 156]","[{'vertical': 0.0, 'horizontal': 5.0}, {'vertical': 5.5, 'horizontal': 1.0}, {'vertical': 5.5, 'horizontal': 9.0}, {'vertical': 2.5, 'horizontal': 8.0}, {'vertical': 2.5, 'horizontal': 5.0}, {'vertical': 2.5, 'horizontal': 2.0}, {'vertical': 5.5, 'horizontal': 3.5}, {'vertical': 5.5, 'horizontal': 6.5}, {'vertical': 8.5, 'horizontal': 5.0}, {'vertical': 8.5, 'horizontal': 2.5}, {'vertical': 8.5, 'horizontal': 7.5}]",347406,1285,Palermo FC
4,13,343,2,75,76,"[46, 30, 23, 42, 5, 16, 9, 8, 10, 7, 99, 3, 6, 14, 83, 88]","[1, 2, 3, 4, 5, 6, 7, 8, 9, 10, 11, 0, 0, 0, 0, 0]","[22627, 10414, 4114, 13356, 6134, 11402, 19553, 10930, 4051, 24328, 32380, 11322, 41220, 22645, 30580, 156]","[{'vertical': 0.0, 'horizontal': 5.0}, {'vertical': 5.5, 'horizontal': 1.0}, {'vertical': 5.5, 'horizontal': 9.0}, {'vertical': 2.5, 'horizontal': 8.0}, {'vertical': 2.5, 'horizontal': 5.0}, {'vertical': 2.5, 'horizontal': 2.0}, {'vertical': 5.5, 'horizontal': 3.5}, {'vertical': 5.5, 'horizontal': 6.5}, {'vertical': 8.5, 'horizontal': 5.0}, {'vertical': 8.5, 'horizontal': 2.5}, {'vertical': 8.5, 'horizontal': 7.5}]",347406,1285,Palermo FC
5,3,41212,2,76,77,"[46, 30, 23, 42, 5, 16, 9, 8, 10, 7, 99, 3, 6, 14, 83, 88]","[1, 2, 3, 4, 5, 6, 7, 8, 9, 10, 11, 0, 0, 0, 0, 0]","[22627, 10414, 4114, 13356, 6134, 11402, 19553, 10930, 4051, 24328, 32380, 11322, 41220, 22645, 30580, 156]","[{'vertical': 0.0, 'horizontal': 5.0}, {'vertical': 2.5, 'horizontal': 1.0}, {'vertical': 2.5, 'horizontal': 9.0}, {'vertical': 5.0, 'horizontal': 5.0}, {'vertical': 2.5, 'horizontal': 3.5}, {'vertical': 2.5, 'horizontal': 6.5}, {'vertical': 5.0, 'horizontal': 2.0}, {'vertical': 7.0, 'horizontal': 5.0}, {'vertical': 9.0, 'horizontal': 6.5}, {'vertical': 9.0, 'horizontal': 3.5}, {'vertical': 5.0, 'horizontal': 8.0}]",347406,1285,Palermo FC
6,3,41212,2,77,90,"[46, 16, 42, 9, 5, 8, 30, 10, 99, 7, 23, 3, 6, 14, 83, 88]","[1, 2, 3, 4, 5, 6, 7, 8, 9, 10, 11, 0, 0, 0, 0, 0]","[22627, 11402, 13356, 19553, 6134, 10930, 10414, 4051, 32380, 24328, 4114, 11322, 41220, 22645, 30580, 156]","[{'vertical': 0.0, 'horizontal': 5.0}, {'vertical': 2.5, 'horizontal': 1.0}, {'vertical': 2.5, 'horizontal': 9.0}, {'vertical': 5.0, 'horizontal': 5.0}, {'vertical': 2.5, 'horizontal': 3.5}, {'vertical': 2.5, 'horizontal': 6.5}, {'vertical': 5.0, 'horizontal': 2.0}, {'vertical': 7.0, 'horizontal': 5.0}, {'vertical': 9.0, 'horizontal': 6.5}, {'vertical': 9.0, 'horizontal': 3.5}, {'vertical': 5.0, 'horizontal': 8.0}]",347406,1285,Palermo FC
7,3,41212,2,90,94,"[46, 16, 42, 9, 5, 8, 88, 10, 99, 7, 23, 3, 6, 14, 83]","[1, 2, 3, 4, 5, 6, 7, 8, 9, 10, 11, 0, 0, 0, 0]","[22627, 11402, 13356, 19553, 6134, 10930, 156, 4051, 32380, 24328, 4114, 11322, 41220, 22645, 30580]","[{'vertical': 0.0, 'horizontal': 5.0}, {'vertical': 2.5, 'horizontal': 1.0}, {'vertical': 2.5, 'horizontal': 9.0}, {'vertical': 5.0, 'horizontal': 5.0}, {'vertical': 2.5, 'horizontal': 3.5}, {'vertical': 2.5, 'horizontal': 6.5}, {'vertical': 5.0, 'horizontal': 2.0}, {'vertical': 7.0, 'horizontal': 5.0}, {'vertical': 9.0, 'horizontal': 6.5}, {'vertical': 9.0, 'horizontal': 3.5}, {'vertical': 5.0, 'horizontal': 8.0}]",347406,1285,Palermo FC
