formationNo,formationId,formationName,period,startMinuteExpanded,endMinuteExpanded,jerseyNumbers,formationSlots,playerIds,formationPositions,matchId,homeTeamId,homeTeamName
1,8,4231,16,0,60,"[1, 29, 23, 28, 5, 2, 32, 18, 11, 8, 6, 24, 14, 22, 39, 4, 25, 35]","[1, 2, 3, 4, 5, 6, 7, 8, 9, 10, 11, 0, 0, 0, 0, 0, 0, 0]","[5263, 19580, 14039, 22887, 661, 2936, 2781, 9974, 668, 29072, 14660, 5852, 3074, 68034, 73924, 5997, 1644, 31104]","[{'vertical': 0.0, 'horizontal': 5.0}, {'vertical': 2.5, 'horizontal': 1.0}, {'vertical': 2.5, 'horizontal': 9.0}, {'vertical': 5.0, 'horizontal': 6.5}, {'vertical': 2.5, 'horizontal': 3.5}, {'vertical': 2.5, 'horizontal': 6.5}, {'vertical': 7.0, 'horizontal': 2.0}, {'vertical': 5.0, 'horizontal': 3.5}, {'vertical': 9.0, 'horizontal': 5.0}, {'vertical': 7.0, 'horizontal': 5.0}, {'vertical': 7.0, 'horizontal': 8.0}]",347784,73,Fiorentina
2,8,4231,16,60,85,"[1, 29, 23, 4, 5, 2, 32, 18, 11, 8, 6, 24, 14, 22, 39, 28, 25, 35]","[1, 2, 3, 4, 5, 6, 7, 8, 9, 10, 11, 0, 0, 0, 0, 0, 0, 0]","[5263, 19580, 14039, 5997, 661, 2936, 2781, 9974, 668, 29072, 14660, 5852, 3074, 68034, 73924, 22887, 1644, 31104]","[{'vertical': 0.0, 'horizontal': 5.0}, {'vertical': 2.5, 'horizontal': 1.0}, {'vertical': 2.5, 'horizontal': 9.0}, {'vertical': 5.0, 'horizontal': 6.5}, {'vertical': 2.5, 'horizontal': 3.5}, {'vertical': 2.5, 'horizontal': 6.5}, {'vertical': 7.0, 'horizontal': 2.0}, {'vertical': 5.0, 'horizontal': 3.5}, {'vertical': 9.0, 'horizontal': 5.0}, {'vertical': 7.0, 'horizontal': 5.0}, {'vertical': 7.0, 'horizontal': 8.0}]",347784,73,Fiorentina
3,8,4231,16,85,86,"[1, 29, 39, 4, 5, 2, 32, 18, 11, 8, 6, 24, 14, 22, 23, 28, 25, 35]","[1, 2, 3, 4, 5, 6, 7, 8, 9, 10, 11, 0, 0, 0, 0, 0, 0, 0]","[5263, 19580, 73924, 5997, 661, 2936, 2781, 9974, 668, 29072, 14660, 5852, 3074, 68034, 14039, 22887, 1644, 31104]","[{'vertical': 0.0, 'horizontal': 5.0}, {'vertical': 2.5, 'horizontal': 1.0}, {'vertical': 2.5, 'horizontal': 9.0}, {'vertical': 5.0, 'horizontal': 6.5}, {'vertical': 2.5, 'horizontal': 3.5}, {'vertical': 2.5, 'horizontal': 6.5}, {'vertical': 7.0, 'horizontal': 2.0}, {'vertical': 5.0, 'horizontal': 3.5}, {'vertical': 9.0, 'horizontal': 5.0}, {'vertical': 7.0, 'horizontal': 5.0}, {'vertical': 7.0, 'horizontal': 8.0}]",347784,73,Fiorentina
4,8,4231,16,86,88,"[1, 24, 39, 4, 5, 2, 32, 18, 11, 8, 6, 29, 14, 22, 23, 28, 25, 35]","[1, 2, 3, 4, 5, 6, 7, 8, 9, 10, 11, 0, 0, 0, 0, 0, 0, 0]","[5263, 5852, 73924, 5997, 661, 2936, 2781, 9974, 668, 29072, 14660, 19580, 3074, 68034, 14039, 22887, 1644, 31104]","[{'vertical': 0.0, 'horizontal': 5.0}, {'vertical': 2.5, 'horizontal': 1.0}, {'vertical': 2.5, 'horizontal': 9.0}, {'vertical': 5.0, 'horizontal': 6.5}, {'vertical': 2.5, 'horizontal': 3.5}, {'vertical': 2.5, 'horizontal': 6.5}, {'vertical': 7.0, 'horizontal': 2.0}, {'vertical': 5.0, 'horizontal': 3.5}, {'vertical': 9.0, 'horizontal': 5.0}, {'vertical': 7.0, 'horizontal': 5.0}, {'vertical': 7.0, 'horizontal': 8.0}]",347784,73,Fiorentina
5,2,442,2,88,89,"[1, 32, 6, 4, 5, 2, 8, 18, 11, 39, 24, 14, 22, 25, 35]","[1, 2, 3, 4, 5, 6, 7, 8, 9, 10, 11, 0, 0, 0, 0]","[5263, 2781, 14660, 5997, 661, 2936, 29072, 9974, 668, 73924, 5852, 3074, 68034, 1644, 31104]","[{'vertical': 0.0, 'horizontal': 5.0}, {'vertical': 2.5, 'horizontal': 1.0}, {'vertical': 2.5, 'horizontal': 9.0}, {'vertical': 6.0, 'horizontal': 3.5}, {'vertical': 2.5, 'horizontal': 3.5}, {'vertical': 2.5, 'horizontal': 6.5}, {'vertical': 6.0, 'horizontal': 1.0}, {'vertical': 6.0, 'horizontal': 6.5}, {'vertical': 9.0, 'horizontal': 6.5}, {'vertical': 9.0, 'horizontal': 3.5}, {'vertical': 6.0, 'horizontal': 9.0}]",347784,73,Fiorentina
6,2,442,2,89,95,"[1, 4, 6, 8, 5, 2, 32, 18, 11, 39, 24, 14, 22, 25, 35]","[1, 2, 3, 4, 5, 6, 7, 8, 9, 10, 11, 0, 0, 0, 0]","[5263, 5997, 14660, 29072, 661, 2936, 2781, 9974, 668, 73924, 5852, 3074, 68034, 1644, 31104]","[{'vertical': 0.0, 'horizontal': 5.0}, {'vertical': 2.5, 'horizontal': 1.0}, {'vertical': 2.5, 'horizontal': 9.0}, {'vertical': 6.0, 'horizontal': 3.5}, {'vertical': 2.5, 'horizontal': 3.5}, {'vertical': 2.5, 'horizontal': 6.5}, {'vertical': 6.0, 'horizontal': 1.0}, {'vertical': 6.0, 'horizontal': 6.5}, {'vertical': 9.0, 'horizontal': 6.5}, {'vertical': 9.0, 'horizontal': 3.5}, {'vertical': 6.0, 'horizontal': 9.0}]",347784,73,Fiorentina
