formationNo,formationId,formationName,period,startMinuteExpanded,endMinuteExpanded,jerseyNumbers,formationSlots,playerIds,formationPositions,matchId,homeTeamId,homeTeamName
1,3,41212,16,0,57,"[22, 14, 31, 18, 3, 13, 4, 7, 30, 9, 10, 15, 20, 23, 24, 27, 28, 32]","[1, 2, 3, 4, 5, 6, 7, 8, 9, 10, 11, 0, 0, 0, 0, 0, 0, 0]","[44089, 10368, 2632, 17956, 34938, 44643, 14127, 9731, 34135, 27489, 10233, 16170, 2832, 30918, 2139, 10608, 52380, 25079]","[{'vertical': 0.0, 'horizontal': 5.0}, {'vertical': 2.5, 'horizontal': 1.0}, {'vertical': 2.5, 'horizontal': 9.0}, {'vertical': 5.0, 'horizontal': 5.0}, {'vertical': 2.5, 'horizontal': 3.5}, {'vertical': 2.5, 'horizontal': 6.5}, {'vertical': 5.0, 'horizontal': 2.0}, {'vertical': 7.0, 'horizontal': 5.0}, {'vertical': 9.0, 'horizontal': 6.5}, {'vertical': 9.0, 'horizontal': 3.5}, {'vertical': 5.0, 'horizontal': 8.0}]",347984,78,Cagliari
2,3,41212,16,57,60,"[22, 14, 31, 18, 3, 13, 4, 7, 32, 9, 10, 15, 20, 23, 24, 27, 28, 30]","[1, 2, 3, 4, 5, 6, 7, 8, 9, 10, 11, 0, 0, 0, 0, 0, 0, 0]","[44089, 10368, 2632, 17956, 34938, 44643, 14127, 9731, 25079, 27489, 10233, 16170, 2832, 30918, 2139, 10608, 52380, 34135]","[{'vertical': 0.0, 'horizontal': 5.0}, {'vertical': 2.5, 'horizontal': 1.0}, {'vertical': 2.5, 'horizontal': 9.0}, {'vertical': 5.0, 'horizontal': 5.0}, {'vertical': 2.5, 'horizontal': 3.5}, {'vertical': 2.5, 'horizontal': 6.5}, {'vertical': 5.0, 'horizontal': 2.0}, {'vertical': 7.0, 'horizontal': 5.0}, {'vertical': 9.0, 'horizontal': 6.5}, {'vertical': 9.0, 'horizontal': 3.5}, {'vertical': 5.0, 'horizontal': 8.0}]",347984,78,Cagliari
3,3,41212,16,60,64,"[22, 15, 31, 18, 3, 13, 4, 7, 32, 9, 10, 14, 20, 23, 24, 27, 28, 30]","[1, 2, 3, 4, 5, 6, 7, 8, 9, 10, 11, 0, 0, 0, 0, 0, 0, 0]","[44089, 16170, 2632, 17956, 34938, 44643, 14127, 9731, 25079, 27489, 10233, 10368, 2832, 30918, 2139, 10608, 52380, 34135]","[{'vertical': 0.0, 'horizontal': 5.0}, {'vertical': 2.5, 'horizontal': 1.0}, {'vertical': 2.5, 'horizontal': 9.0}, {'vertical': 5.0, 'horizontal': 5.0}, {'vertical': 2.5, 'horizontal': 3.5}, {'vertical': 2.5, 'horizontal': 6.5}, {'vertical': 5.0, 'horizontal': 2.0}, {'vertical': 7.0, 'horizontal': 5.0}, {'vertical': 9.0, 'horizontal': 6.5}, {'vertical': 9.0, 'horizontal': 3.5}, {'vertical': 5.0, 'horizontal': 8.0}]",347984,78,Cagliari
4,3,41212,2,64,78,"[22, 15, 31, 18, 3, 13, 4, 7, 9, 32, 10, 20, 23, 24, 27, 28]","[1, 2, 3, 4, 5, 6, 7, 8, 9, 10, 11, 0, 0, 0, 0, 0]","[44089, 16170, 2632, 17956, 34938, 44643, 14127, 9731, 27489, 25079, 10233, 2832, 30918, 2139, 10608, 52380]","[{'vertical': 0.0, 'horizontal': 5.0}, {'vertical': 2.5, 'horizontal': 1.0}, {'vertical': 2.5, 'horizontal': 9.0}, {'vertical': 5.0, 'horizontal': 5.0}, {'vertical': 2.5, 'horizontal': 3.5}, {'vertical': 2.5, 'horizontal': 6.5}, {'vertical': 5.0, 'horizontal': 2.0}, {'vertical': 7.0, 'horizontal': 5.0}, {'vertical': 9.0, 'horizontal': 6.5}, {'vertical': 9.0, 'horizontal': 3.5}, {'vertical': 5.0, 'horizontal': 8.0}]",347984,78,Cagliari
5,3,41212,2,78,95,"[22, 15, 31, 18, 3, 13, 4, 27, 9, 32, 10, 20, 23, 24, 7, 28]","[1, 2, 3, 4, 5, 6, 7, 8, 9, 10, 11, 0, 0, 0, 0, 0]","[44089, 16170, 2632, 17956, 34938, 44643, 14127, 10608, 27489, 25079, 10233, 2832, 30918, 2139, 9731, 52380]","[{'vertical': 0.0, 'horizontal': 5.0}, {'vertical': 2.5, 'horizontal': 1.0}, {'vertical': 2.5, 'horizontal': 9.0}, {'vertical': 5.0, 'horizontal': 5.0}, {'vertical': 2.5, 'horizontal': 3.5}, {'vertical': 2.5, 'horizontal': 6.5}, {'vertical': 5.0, 'horizontal': 2.0}, {'vertical': 7.0, 'horizontal': 5.0}, {'vertical': 9.0, 'horizontal': 6.5}, {'vertical': 9.0, 'horizontal': 3.5}, {'vertical': 5.0, 'horizontal': 8.0}]",347984,78,Cagliari
