formationNo,formationId,formationName,period,startMinuteExpanded,endMinuteExpanded,jerseyNumbers,formationSlots,playerIds,formationPositions,matchId,homeTeamId,homeTeamName
1,2,442,16,0,50,"[1, 6, 13, 22, 4, 26, 79, 17, 90, 9, 20, 15, 19, 21, 30, 32, 70, 72]","[1, 2, 3, 4, 5, 6, 7, 8, 9, 10, 11, 0, 0, 0, 0, 0, 0, 0]","[42879, 6638, 18723, 23043, 12542, 15845, 10433, 25485, 5612, 1136, 12141, 1969, 2565, 35640, 85714, 17953, 15438, 151]","[{'vertical': 0.0, 'horizontal': 5.0}, {'vertical': 2.5, 'horizontal': 1.0}, {'vertical': 2.5, 'horizontal': 9.0}, {'vertical': 6.0, 'horizontal': 3.5}, {'vertical': 2.5, 'horizontal': 3.5}, {'vertical': 2.5, 'horizontal': 6.5}, {'vertical': 6.0, 'horizontal': 1.0}, {'vertical': 6.0, 'horizontal': 6.5}, {'vertical': 9.0, 'horizontal': 6.5}, {'vertical': 9.0, 'horizontal': 3.5}, {'vertical': 6.0, 'horizontal': 9.0}]",347863,300,Atalanta
2,2,442,2,50,51,"[1, 6, 21, 22, 4, 13, 79, 17, 9, 20, 15, 19, 30, 32, 70, 72]","[1, 2, 3, 4, 5, 6, 7, 8, 10, 11, 0, 0, 0, 0, 0, 0]","[42879, 6638, 35640, 23043, 12542, 18723, 10433, 25485, 1136, 12141, 1969, 2565, 85714, 17953, 15438, 151]","[{'vertical': 0.0, 'horizontal': 5.0}, {'vertical': 2.5, 'horizontal': 1.0}, {'vertical': 2.5, 'horizontal': 9.0}, {'vertical': 6.0, 'horizontal': 3.5}, {'vertical': 2.5, 'horizontal': 3.5}, {'vertical': 2.5, 'horizontal': 6.5}, {'vertical': 6.0, 'horizontal': 1.0}, {'vertical': 6.0, 'horizontal': 6.5}, {'vertical': 9.0, 'horizontal': 6.5}, {'vertical': 9.0, 'horizontal': 3.5}, {'vertical': 6.0, 'horizontal': 9.0}]",347863,300,Atalanta
3,2,442,2,51,73,"[1, 21, 6, 22, 4, 13, 79, 17, 9, 20, 15, 19, 30, 32, 70, 72]","[1, 2, 3, 4, 5, 6, 7, 8, 10, 11, 0, 0, 0, 0, 0, 0]","[42879, 35640, 6638, 23043, 12542, 18723, 10433, 25485, 1136, 12141, 1969, 2565, 85714, 17953, 15438, 151]","[{'vertical': 0.0, 'horizontal': 5.0}, {'vertical': 2.5, 'horizontal': 1.0}, {'vertical': 2.5, 'horizontal': 9.0}, {'vertical': 6.0, 'horizontal': 3.5}, {'vertical': 2.5, 'horizontal': 3.5}, {'vertical': 2.5, 'horizontal': 6.5}, {'vertical': 6.0, 'horizontal': 1.0}, {'vertical': 6.0, 'horizontal': 6.5}, {'vertical': 9.0, 'horizontal': 6.5}, {'vertical': 9.0, 'horizontal': 3.5}, {'vertical': 6.0, 'horizontal': 9.0}]",347863,300,Atalanta
4,2,442,2,73,89,"[1, 21, 6, 22, 4, 13, 79, 17, 9, 20, 72, 19, 30, 32, 70, 20]","[1, 2, 3, 4, 5, 6, 7, 8, 10, 11, 0, 0, 0, 0, 0, 0]","[42879, 35640, 6638, 23043, 12542, 18723, 10433, 25485, 1136, 12141, 151, 2565, 85714, 17953, 15438, 12141]","[{'vertical': 0.0, 'horizontal': 5.0}, {'vertical': 2.5, 'horizontal': 1.0}, {'vertical': 2.5, 'horizontal': 9.0}, {'vertical': 6.0, 'horizontal': 3.5}, {'vertical': 2.5, 'horizontal': 3.5}, {'vertical': 2.5, 'horizontal': 6.5}, {'vertical': 6.0, 'horizontal': 1.0}, {'vertical': 6.0, 'horizontal': 6.5}, {'vertical': 9.0, 'horizontal': 6.5}, {'vertical': 9.0, 'horizontal': 3.5}, {'vertical': 6.0, 'horizontal': 9.0}]",347863,300,Atalanta
5,2,442,2,89,95,"[1, 21, 6, 22, 4, 13, 19, 17, 9, 20, 72, 79, 30, 32, 70, 20]","[1, 2, 3, 4, 5, 6, 7, 8, 10, 11, 0, 0, 0, 0, 0, 0]","[42879, 35640, 6638, 23043, 12542, 18723, 2565, 25485, 1136, 12141, 151, 10433, 85714, 17953, 15438, 12141]","[{'vertical': 0.0, 'horizontal': 5.0}, {'vertical': 2.5, 'horizontal': 1.0}, {'vertical': 2.5, 'horizontal': 9.0}, {'vertical': 6.0, 'horizontal': 3.5}, {'vertical': 2.5, 'horizontal': 3.5}, {'vertical': 2.5, 'horizontal': 6.5}, {'vertical': 6.0, 'horizontal': 1.0}, {'vertical': 6.0, 'horizontal': 6.5}, {'vertical': 9.0, 'horizontal': 6.5}, {'vertical': 9.0, 'horizontal': 3.5}, {'vertical': 6.0, 'horizontal': 9.0}]",347863,300,Atalanta
