formationNo,formationId,formationName,period,startMinuteExpanded,endMinuteExpanded,jerseyNumbers,formationSlots,playerIds,formationPositions,matchId,homeTeamId,homeTeamName
1,12,352,16,0,47,"[25, 77, 46, 13, 4, 2, 24, 3, 9, 20, 7, 1, 5, 8, 19, 21, 59, 87]","[1, 2, 3, 4, 5, 6, 7, 8, 9, 10, 11, 0, 0, 0, 0, 0, 0, 0]","[30580, 9943, 569, 14135, 31356, 16174, 173, 1440, 10165, 666, 18092, 14129, 20638, 4462, 27738, 11399, 67855, 44094]","[{'vertical': 0.0, 'horizontal': 5.0}, {'vertical': 6.0, 'horizontal': 1.0}, {'vertical': 6.0, 'horizontal': 9.0}, {'vertical': 2.5, 'horizontal': 8.0}, {'vertical': 2.5, 'horizontal': 5.0}, {'vertical': 2.5, 'horizontal': 2.0}, {'vertical': 6.0, 'horizontal': 3.0}, {'vertical': 6.0, 'horizontal': 7.0}, {'vertical': 9.0, 'horizontal': 3.5}, {'vertical': 9.0, 'horizontal': 6.5}, {'vertical': 6.0, 'horizontal': 5.0}]",347795,1286,Livorno
2,12,352,16,47,55,"[25, 77, 87, 13, 4, 2, 24, 3, 9, 20, 7, 1, 5, 8, 19, 21, 59, 46]","[1, 2, 3, 4, 5, 6, 7, 8, 9, 10, 11, 0, 0, 0, 0, 0, 0, 0]","[30580, 9943, 44094, 14135, 31356, 16174, 173, 1440, 10165, 666, 18092, 14129, 20638, 4462, 27738, 11399, 67855, 569]","[{'vertical': 0.0, 'horizontal': 5.0}, {'vertical': 6.0, 'horizontal': 1.0}, {'vertical': 6.0, 'horizontal': 9.0}, {'vertical': 2.5, 'horizontal': 8.0}, {'vertical': 2.5, 'horizontal': 5.0}, {'vertical': 2.5, 'horizontal': 2.0}, {'vertical': 6.0, 'horizontal': 3.0}, {'vertical': 6.0, 'horizontal': 7.0}, {'vertical': 9.0, 'horizontal': 3.5}, {'vertical': 9.0, 'horizontal': 6.5}, {'vertical': 6.0, 'horizontal': 5.0}]",347795,1286,Livorno
3,12,352,16,55,79,"[25, 19, 87, 13, 4, 2, 24, 3, 9, 20, 7, 1, 5, 8, 77, 21, 59, 46]","[1, 2, 3, 4, 5, 6, 7, 8, 9, 10, 11, 0, 0, 0, 0, 0, 0, 0]","[30580, 27738, 44094, 14135, 31356, 16174, 173, 1440, 10165, 666, 18092, 14129, 20638, 4462, 9943, 11399, 67855, 569]","[{'vertical': 0.0, 'horizontal': 5.0}, {'vertical': 6.0, 'horizontal': 1.0}, {'vertical': 6.0, 'horizontal': 9.0}, {'vertical': 2.5, 'horizontal': 8.0}, {'vertical': 2.5, 'horizontal': 5.0}, {'vertical': 2.5, 'horizontal': 2.0}, {'vertical': 6.0, 'horizontal': 3.0}, {'vertical': 6.0, 'horizontal': 7.0}, {'vertical': 9.0, 'horizontal': 3.5}, {'vertical': 9.0, 'horizontal': 6.5}, {'vertical': 6.0, 'horizontal': 5.0}]",347795,1286,Livorno
4,12,352,16,79,93,"[25, 19, 87, 13, 4, 2, 8, 3, 9, 20, 7, 1, 5, 24, 77, 21, 59, 46]","[1, 2, 3, 4, 5, 6, 7, 8, 9, 10, 11, 0, 0, 0, 0, 0, 0, 0]","[30580, 27738, 44094, 14135, 31356, 16174, 4462, 1440, 10165, 666, 18092, 14129, 20638, 173, 9943, 11399, 67855, 569]","[{'vertical': 0.0, 'horizontal': 5.0}, {'vertical': 6.0, 'horizontal': 1.0}, {'vertical': 6.0, 'horizontal': 9.0}, {'vertical': 2.5, 'horizontal': 8.0}, {'vertical': 2.5, 'horizontal': 5.0}, {'vertical': 2.5, 'horizontal': 2.0}, {'vertical': 6.0, 'horizontal': 3.0}, {'vertical': 6.0, 'horizontal': 7.0}, {'vertical': 9.0, 'horizontal': 3.5}, {'vertical': 9.0, 'horizontal': 6.5}, {'vertical': 6.0, 'horizontal': 5.0}]",347795,1286,Livorno
