formationNo,formationId,formationName,period,startMinuteExpanded,endMinuteExpanded,jerseyNumbers,formationSlots,playerIds,formationPositions,matchId,awayTeamId,awayTeamName
1,12,352,16,0,61,"[86, 2, 11, 80, 28, 25, 32, 24, 9, 20, 5, 3, 15, 18, 33, 74, 87, 88]","[1, 2, 3, 4, 5, 6, 7, 8, 9, 10, 11, 0, 0, 0, 0, 0, 0, 0]","[30966, 15302, 12267, 16915, 14137, 9937, 465, 11347, 4179, 14152, 4138, 1604, 3099, 6164, 731, 203, 24895, 22378]","[{'vertical': 0.0, 'horizontal': 5.0}, {'vertical': 6.0, 'horizontal': 1.0}, {'vertical': 6.0, 'horizontal': 9.0}, {'vertical': 2.5, 'horizontal': 8.0}, {'vertical': 2.5, 'horizontal': 5.0}, {'vertical': 2.5, 'horizontal': 2.0}, {'vertical': 6.0, 'horizontal': 3.0}, {'vertical': 6.0, 'horizontal': 7.0}, {'vertical': 9.0, 'horizontal': 3.5}, {'vertical': 9.0, 'horizontal': 6.5}, {'vertical': 6.0, 'horizontal': 5.0}]",347983,77,Lazio
2,12,352,16,61,81,"[86, 2, 11, 80, 28, 87, 32, 24, 9, 20, 5, 3, 15, 18, 33, 74, 25, 88]","[1, 2, 3, 4, 5, 6, 7, 8, 9, 10, 11, 0, 0, 0, 0, 0, 0, 0]","[30966, 15302, 12267, 16915, 14137, 24895, 465, 11347, 4179, 14152, 4138, 1604, 3099, 6164, 731, 203, 9937, 22378]","[{'vertical': 0.0, 'horizontal': 5.0}, {'vertical': 6.0, 'horizontal': 1.0}, {'vertical': 6.0, 'horizontal': 9.0}, {'vertical': 2.5, 'horizontal': 8.0}, {'vertical': 2.5, 'horizontal': 5.0}, {'vertical': 2.5, 'horizontal': 2.0}, {'vertical': 6.0, 'horizontal': 3.0}, {'vertical': 6.0, 'horizontal': 7.0}, {'vertical': 9.0, 'horizontal': 3.5}, {'vertical': 9.0, 'horizontal': 6.5}, {'vertical': 6.0, 'horizontal': 5.0}]",347983,77,Lazio
3,12,352,16,81,88,"[86, 3, 11, 80, 28, 87, 32, 24, 9, 20, 5, 2, 15, 18, 33, 74, 25, 88]","[1, 2, 3, 4, 5, 6, 7, 8, 9, 10, 11, 0, 0, 0, 0, 0, 0, 0]","[30966, 1604, 12267, 16915, 14137, 24895, 465, 11347, 4179, 14152, 4138, 15302, 3099, 6164, 731, 203, 9937, 22378]","[{'vertical': 0.0, 'horizontal': 5.0}, {'vertical': 6.0, 'horizontal': 1.0}, {'vertical': 6.0, 'horizontal': 9.0}, {'vertical': 2.5, 'horizontal': 8.0}, {'vertical': 2.5, 'horizontal': 5.0}, {'vertical': 2.5, 'horizontal': 2.0}, {'vertical': 6.0, 'horizontal': 3.0}, {'vertical': 6.0, 'horizontal': 7.0}, {'vertical': 9.0, 'horizontal': 3.5}, {'vertical': 9.0, 'horizontal': 6.5}, {'vertical': 6.0, 'horizontal': 5.0}]",347983,77,Lazio
4,12,352,16,88,94,"[86, 3, 11, 80, 28, 87, 32, 24, 9, 74, 5, 2, 15, 18, 33, 20, 25, 88]","[1, 2, 3, 4, 5, 6, 7, 8, 9, 10, 11, 0, 0, 0, 0, 0, 0, 0]","[30966, 1604, 12267, 16915, 14137, 24895, 465, 11347, 4179, 203, 4138, 15302, 3099, 6164, 731, 14152, 9937, 22378]","[{'vertical': 0.0, 'horizontal': 5.0}, {'vertical': 6.0, 'horizontal': 1.0}, {'vertical': 6.0, 'horizontal': 9.0}, {'vertical': 2.5, 'horizontal': 8.0}, {'vertical': 2.5, 'horizontal': 5.0}, {'vertical': 2.5, 'horizontal': 2.0}, {'vertical': 6.0, 'horizontal': 3.0}, {'vertical': 6.0, 'horizontal': 7.0}, {'vertical': 9.0, 'horizontal': 3.5}, {'vertical': 9.0, 'horizontal': 6.5}, {'vertical': 6.0, 'horizontal': 5.0}]",347983,77,Lazio
