formationNo,formationId,formationName,period,startMinuteExpanded,endMinuteExpanded,jerseyNumbers,formationSlots,playerIds,formationPositions,matchId,awayTeamId,awayTeamName
1,16,3511,16,0,2,"[1, 5, 24, 17, 4, 2, 3, 87, 9, 83, 8, 7, 10, 11, 13, 15, 46, 59]","[1, 2, 3, 4, 5, 6, 7, 8, 9, 10, 11, 0, 0, 0, 0, 0, 0, 0]","[14129, 20638, 173, 19107, 31356, 16174, 1440, 44094, 10165, 34112, 4462, 18092, 4373, 10866, 14135, 24001, 569, 67855]","[{'vertical': 0.0, 'horizontal': 5.0}, {'vertical': 4.5, 'horizontal': 1.0}, {'vertical': 4.5, 'horizontal': 9.0}, {'vertical': 2.0, 'horizontal': 7.0}, {'vertical': 2.0, 'horizontal': 5.0}, {'vertical': 2.0, 'horizontal': 3.0}, {'vertical': 4.5, 'horizontal': 3.0}, {'vertical': 4.5, 'horizontal': 7.0}, {'vertical': 9.0, 'horizontal': 5.0}, {'vertical': 7.0, 'horizontal': 5.0}, {'vertical': 4.5, 'horizontal': 5.0}]",347598,1286,Livorno
2,16,3511,1,2,12,"[1, 5, 87, 17, 4, 2, 3, 24, 9, 83, 8, 7, 10, 11, 13, 15, 46, 59]","[1, 2, 3, 4, 5, 6, 7, 8, 9, 10, 11, 0, 0, 0, 0, 0, 0, 0]","[14129, 20638, 44094, 19107, 31356, 16174, 1440, 173, 10165, 34112, 4462, 18092, 4373, 10866, 14135, 24001, 569, 67855]","[{'vertical': 0.0, 'horizontal': 5.0}, {'vertical': 4.5, 'horizontal': 1.0}, {'vertical': 4.5, 'horizontal': 9.0}, {'vertical': 2.0, 'horizontal': 7.0}, {'vertical': 2.0, 'horizontal': 5.0}, {'vertical': 2.0, 'horizontal': 3.0}, {'vertical': 4.5, 'horizontal': 3.0}, {'vertical': 4.5, 'horizontal': 7.0}, {'vertical': 9.0, 'horizontal': 5.0}, {'vertical': 7.0, 'horizontal': 5.0}, {'vertical': 4.5, 'horizontal': 5.0}]",347598,1286,Livorno
3,16,3511,1,12,18,"[1, 5, 87, 17, 4, 2, 3, 24, 9, 83, 7, 8, 10, 11, 13, 15, 46, 59]","[1, 2, 3, 4, 5, 6, 7, 8, 9, 10, 11, 0, 0, 0, 0, 0, 0, 0]","[14129, 20638, 44094, 19107, 31356, 16174, 1440, 173, 10165, 34112, 18092, 4462, 4373, 10866, 14135, 24001, 569, 67855]","[{'vertical': 0.0, 'horizontal': 5.0}, {'vertical': 4.5, 'horizontal': 1.0}, {'vertical': 4.5, 'horizontal': 9.0}, {'vertical': 2.0, 'horizontal': 7.0}, {'vertical': 2.0, 'horizontal': 5.0}, {'vertical': 2.0, 'horizontal': 3.0}, {'vertical': 4.5, 'horizontal': 3.0}, {'vertical': 4.5, 'horizontal': 7.0}, {'vertical': 9.0, 'horizontal': 5.0}, {'vertical': 7.0, 'horizontal': 5.0}, {'vertical': 4.5, 'horizontal': 5.0}]",347598,1286,Livorno
4,16,3511,1,18,69,"[1, 5, 87, 13, 4, 2, 3, 24, 9, 83, 7, 8, 10, 11, 17, 15, 46, 59]","[1, 2, 3, 4, 5, 6, 7, 8, 9, 10, 11, 0, 0, 0, 0, 0, 0, 0]","[14129, 20638, 44094, 14135, 31356, 16174, 1440, 173, 10165, 34112, 18092, 4462, 4373, 10866, 19107, 24001, 569, 67855]","[{'vertical': 0.0, 'horizontal': 5.0}, {'vertical': 4.5, 'horizontal': 1.0}, {'vertical': 4.5, 'horizontal': 9.0}, {'vertical': 2.0, 'horizontal': 7.0}, {'vertical': 2.0, 'horizontal': 5.0}, {'vertical': 2.0, 'horizontal': 3.0}, {'vertical': 4.5, 'horizontal': 3.0}, {'vertical': 4.5, 'horizontal': 7.0}, {'vertical': 9.0, 'horizontal': 5.0}, {'vertical': 7.0, 'horizontal': 5.0}, {'vertical': 4.5, 'horizontal': 5.0}]",347598,1286,Livorno
5,16,3511,1,69,93,"[1, 10, 87, 13, 4, 2, 3, 24, 9, 83, 7, 8, 5, 11, 17, 15, 46, 59]","[1, 2, 3, 4, 5, 6, 7, 8, 9, 10, 11, 0, 0, 0, 0, 0, 0, 0]","[14129, 4373, 44094, 14135, 31356, 16174, 1440, 173, 10165, 34112, 18092, 4462, 20638, 10866, 19107, 24001, 569, 67855]","[{'vertical': 0.0, 'horizontal': 5.0}, {'vertical': 4.5, 'horizontal': 1.0}, {'vertical': 4.5, 'horizontal': 9.0}, {'vertical': 2.0, 'horizontal': 7.0}, {'vertical': 2.0, 'horizontal': 5.0}, {'vertical': 2.0, 'horizontal': 3.0}, {'vertical': 4.5, 'horizontal': 3.0}, {'vertical': 4.5, 'horizontal': 7.0}, {'vertical': 9.0, 'horizontal': 5.0}, {'vertical': 7.0, 'horizontal': 5.0}, {'vertical': 4.5, 'horizontal': 5.0}]",347598,1286,Livorno
