formationNo,formationId,formationName,period,startMinuteExpanded,endMinuteExpanded,jerseyNumbers,formationSlots,playerIds,formationPositions,matchId,homeTeamId,homeTeamName
1,17,3421,16,0,82,"[26, 16, 6, 2, 28, 14, 5, 23, 19, 17, 27, 1, 8, 9, 18, 21, 33, 77]","[1, 2, 3, 4, 5, 6, 7, 8, 9, 10, 11, 0, 0, 0, 0, 0, 0, 0]","[4500, 26682, 9966, 22093, 538, 5070, 6165, 24997, 14484, 13475, 9730, 9928, 6175, 20107, 22890, 14126, 9980, 12747]","[{'vertical': 0.0, 'horizontal': 5.0}, {'vertical': 5.0, 'horizontal': 1.0}, {'vertical': 5.0, 'horizontal': 9.0}, {'vertical': 2.5, 'horizontal': 8.0}, {'vertical': 2.5, 'horizontal': 5.0}, {'vertical': 2.5, 'horizontal': 2.0}, {'vertical': 5.0, 'horizontal': 3.5}, {'vertical': 5.0, 'horizontal': 6.5}, {'vertical': 9.0, 'horizontal': 5.0}, {'vertical': 7.5, 'horizontal': 3.5}, {'vertical': 7.5, 'horizontal': 6.5}]",347806,276,Napoli
2,17,3421,16,82,84,"[26, 21, 6, 2, 28, 14, 5, 23, 19, 17, 27, 1, 8, 9, 18, 16, 33, 77]","[1, 2, 3, 4, 5, 6, 7, 8, 9, 10, 11, 0, 0, 0, 0, 0, 0, 0]","[4500, 14126, 9966, 22093, 538, 5070, 6165, 24997, 14484, 13475, 9730, 9928, 6175, 20107, 22890, 26682, 9980, 12747]","[{'vertical': 0.0, 'horizontal': 5.0}, {'vertical': 5.0, 'horizontal': 1.0}, {'vertical': 5.0, 'horizontal': 9.0}, {'vertical': 2.5, 'horizontal': 8.0}, {'vertical': 2.5, 'horizontal': 5.0}, {'vertical': 2.5, 'horizontal': 2.0}, {'vertical': 5.0, 'horizontal': 3.5}, {'vertical': 5.0, 'horizontal': 6.5}, {'vertical': 9.0, 'horizontal': 5.0}, {'vertical': 7.5, 'horizontal': 3.5}, {'vertical': 7.5, 'horizontal': 6.5}]",347806,276,Napoli
3,17,3421,2,84,90,"[26, 23, 6, 2, 28, 14, 5, 21, 19, 17, 27, 1, 8, 9, 18, 33, 77]","[1, 2, 3, 4, 5, 6, 7, 8, 9, 10, 11, 0, 0, 0, 0, 0, 0]","[4500, 24997, 9966, 22093, 538, 5070, 6165, 14126, 14484, 13475, 9730, 9928, 6175, 20107, 22890, 9980, 12747]","[{'vertical': 0.0, 'horizontal': 5.0}, {'vertical': 5.0, 'horizontal': 1.0}, {'vertical': 5.0, 'horizontal': 9.0}, {'vertical': 2.5, 'horizontal': 8.0}, {'vertical': 2.5, 'horizontal': 5.0}, {'vertical': 2.5, 'horizontal': 2.0}, {'vertical': 5.0, 'horizontal': 3.5}, {'vertical': 5.0, 'horizontal': 6.5}, {'vertical': 9.0, 'horizontal': 5.0}, {'vertical': 7.5, 'horizontal': 3.5}, {'vertical': 7.5, 'horizontal': 6.5}]",347806,276,Napoli
