formationNo,formationId,formationName,period,startMinuteExpanded,endMinuteExpanded,jerseyNumbers,formationSlots,playerIds,formationPositions,matchId,homeTeamId,homeTeamName
1,4,433,16,0,44,"[12, 20, 15, 21, 33, 19, 8, 23, 22, 32, 80, 1, 4, 9, 10, 16, 18, 44]","[1, 2, 3, 4, 5, 6, 7, 8, 9, 10, 11, 0, 0, 0, 0, 0, 0, 0]","[2533, 23206, 160, 2579, 28550, 798, 591, 191, 4644, 587, 1792, 9868, 2955, 158, 1690, 6321, 871, 546]","[{'vertical': 0.0, 'horizontal': 5.0}, {'vertical': 2.5, 'horizontal': 1.0}, {'vertical': 2.5, 'horizontal': 9.0}, {'vertical': 5.5, 'horizontal': 5.0}, {'vertical': 2.5, 'horizontal': 3.5}, {'vertical': 2.5, 'horizontal': 6.5}, {'vertical': 5.5, 'horizontal': 2.0}, {'vertical': 5.5, 'horizontal': 8.0}, {'vertical': 8.5, 'horizontal': 5.0}, {'vertical': 8.5, 'horizontal': 2.0}, {'vertical': 8.5, 'horizontal': 8.0}]",347949,80,AC Milan
2,4,433,16,44,60,"[12, 44, 15, 21, 33, 19, 8, 23, 22, 32, 80, 1, 4, 9, 10, 16, 18, 20]","[1, 2, 3, 4, 5, 6, 7, 8, 9, 10, 11, 0, 0, 0, 0, 0, 0, 0]","[2533, 546, 160, 2579, 28550, 798, 591, 191, 4644, 587, 1792, 9868, 2955, 158, 1690, 6321, 871, 23206]","[{'vertical': 0.0, 'horizontal': 5.0}, {'vertical': 2.5, 'horizontal': 1.0}, {'vertical': 2.5, 'horizontal': 9.0}, {'vertical': 5.5, 'horizontal': 5.0}, {'vertical': 2.5, 'horizontal': 3.5}, {'vertical': 2.5, 'horizontal': 6.5}, {'vertical': 5.5, 'horizontal': 2.0}, {'vertical': 5.5, 'horizontal': 8.0}, {'vertical': 8.5, 'horizontal': 5.0}, {'vertical': 8.5, 'horizontal': 2.0}, {'vertical': 8.5, 'horizontal': 8.0}]",347949,80,AC Milan
3,4,433,16,60,62,"[12, 44, 15, 21, 33, 19, 9, 23, 22, 32, 80, 1, 4, 8, 10, 16, 18, 20]","[1, 2, 3, 4, 5, 6, 7, 8, 9, 10, 11, 0, 0, 0, 0, 0, 0, 0]","[2533, 546, 160, 2579, 28550, 798, 158, 191, 4644, 587, 1792, 9868, 2955, 591, 1690, 6321, 871, 23206]","[{'vertical': 0.0, 'horizontal': 5.0}, {'vertical': 2.5, 'horizontal': 1.0}, {'vertical': 2.5, 'horizontal': 9.0}, {'vertical': 5.5, 'horizontal': 5.0}, {'vertical': 2.5, 'horizontal': 3.5}, {'vertical': 2.5, 'horizontal': 6.5}, {'vertical': 5.5, 'horizontal': 2.0}, {'vertical': 5.5, 'horizontal': 8.0}, {'vertical': 8.5, 'horizontal': 5.0}, {'vertical': 8.5, 'horizontal': 2.0}, {'vertical': 8.5, 'horizontal': 8.0}]",347949,80,AC Milan
4,15,4222,2,62,82,"[12, 44, 15, 21, 33, 19, 32, 23, 22, 9, 80, 1, 4, 10, 16, 18]","[1, 2, 3, 4, 5, 6, 7, 8, 9, 10, 11, 0, 0, 0, 0, 0]","[2533, 546, 160, 2579, 28550, 798, 587, 191, 4644, 158, 1792, 9868, 2955, 1690, 6321, 871]","[{'vertical': 0.0, 'horizontal': 5.0}, {'vertical': 2.0, 'horizontal': 1.0}, {'vertical': 2.0, 'horizontal': 9.0}, {'vertical': 4.5, 'horizontal': 3.5}, {'vertical': 2.0, 'horizontal': 3.5}, {'vertical': 2.0, 'horizontal': 6.5}, {'vertical': 6.5, 'horizontal': 3.5}, {'vertical': 4.5, 'horizontal': 6.5}, {'vertical': 9.0, 'horizontal': 6.5}, {'vertical': 9.0, 'horizontal': 3.5}, {'vertical': 6.5, 'horizontal': 6.5}]",347949,80,AC Milan
5,15,4222,2,82,96,"[12, 44, 15, 10, 33, 19, 32, 23, 22, 9, 80, 1, 4, 21, 16, 18]","[1, 2, 3, 4, 5, 6, 7, 8, 9, 10, 11, 0, 0, 0, 0, 0]","[2533, 546, 160, 1690, 28550, 798, 587, 191, 4644, 158, 1792, 9868, 2955, 2579, 6321, 871]","[{'vertical': 0.0, 'horizontal': 5.0}, {'vertical': 2.0, 'horizontal': 1.0}, {'vertical': 2.0, 'horizontal': 9.0}, {'vertical': 4.5, 'horizontal': 3.5}, {'vertical': 2.0, 'horizontal': 3.5}, {'vertical': 2.0, 'horizontal': 6.5}, {'vertical': 6.5, 'horizontal': 3.5}, {'vertical': 4.5, 'horizontal': 6.5}, {'vertical': 9.0, 'horizontal': 6.5}, {'vertical': 9.0, 'horizontal': 3.5}, {'vertical': 6.5, 'horizontal': 6.5}]",347949,80,AC Milan
