formationNo,formationId,formationName,period,startMinuteExpanded,endMinuteExpanded,jerseyNumbers,formationSlots,playerIds,formationPositions,matchId,homeTeamId,homeTeamName
1,8,4231,16,0,62,"[1, 15, 77, 21, 33, 19, 7, 8, 22, 10, 80, 9, 11, 12, 13, 18, 20, 30]","[1, 2, 3, 4, 5, 6, 7, 8, 9, 10, 11, 0, 0, 0, 0, 0, 0, 0]","[9868, 160, 5869, 2579, 28550, 798, 23158, 591, 4644, 1690, 1792, 158, 8013, 2533, 500, 871, 23206, 5912]","[{'vertical': 0.0, 'horizontal': 5.0}, {'vertical': 2.5, 'horizontal': 1.0}, {'vertical': 2.5, 'horizontal': 9.0}, {'vertical': 5.0, 'horizontal': 6.5}, {'vertical': 2.5, 'horizontal': 3.5}, {'vertical': 2.5, 'horizontal': 6.5}, {'vertical': 7.0, 'horizontal': 2.0}, {'vertical': 5.0, 'horizontal': 3.5}, {'vertical': 9.0, 'horizontal': 5.0}, {'vertical': 7.0, 'horizontal': 5.0}, {'vertical': 7.0, 'horizontal': 8.0}]",347753,80,AC Milan
2,8,4231,2,62,71,"[1, 15, 77, 21, 13, 33, 7, 8, 22, 10, 80, 9, 11, 12, 18, 20, 30]","[1, 2, 3, 4, 5, 6, 7, 8, 9, 10, 11, 0, 0, 0, 0, 0, 0]","[9868, 160, 5869, 2579, 500, 28550, 23158, 591, 4644, 1690, 1792, 158, 8013, 2533, 871, 23206, 5912]","[{'vertical': 0.0, 'horizontal': 5.0}, {'vertical': 2.5, 'horizontal': 1.0}, {'vertical': 2.5, 'horizontal': 9.0}, {'vertical': 5.0, 'horizontal': 6.5}, {'vertical': 2.5, 'horizontal': 3.5}, {'vertical': 2.5, 'horizontal': 6.5}, {'vertical': 7.0, 'horizontal': 2.0}, {'vertical': 5.0, 'horizontal': 3.5}, {'vertical': 9.0, 'horizontal': 5.0}, {'vertical': 7.0, 'horizontal': 5.0}, {'vertical': 7.0, 'horizontal': 8.0}]",347753,80,AC Milan
3,8,4231,2,71,79,"[1, 15, 77, 21, 13, 33, 7, 8, 22, 10, 9, 80, 11, 12, 18, 20, 30]","[1, 2, 3, 4, 5, 6, 7, 8, 9, 10, 11, 0, 0, 0, 0, 0, 0]","[9868, 160, 5869, 2579, 500, 28550, 23158, 591, 4644, 1690, 158, 1792, 8013, 2533, 871, 23206, 5912]","[{'vertical': 0.0, 'horizontal': 5.0}, {'vertical': 2.5, 'horizontal': 1.0}, {'vertical': 2.5, 'horizontal': 9.0}, {'vertical': 5.0, 'horizontal': 6.5}, {'vertical': 2.5, 'horizontal': 3.5}, {'vertical': 2.5, 'horizontal': 6.5}, {'vertical': 7.0, 'horizontal': 2.0}, {'vertical': 5.0, 'horizontal': 3.5}, {'vertical': 9.0, 'horizontal': 5.0}, {'vertical': 7.0, 'horizontal': 5.0}, {'vertical': 7.0, 'horizontal': 8.0}]",347753,80,AC Milan
4,4,433,2,79,87,"[1, 15, 77, 21, 13, 33, 10, 8, 9, 22, 7, 11, 12, 18, 20, 30]","[1, 2, 3, 4, 5, 6, 7, 8, 9, 10, 11, 0, 0, 0, 0, 0]","[9868, 160, 5869, 2579, 500, 28550, 1690, 591, 158, 4644, 23158, 8013, 2533, 871, 23206, 5912]","[{'vertical': 0.0, 'horizontal': 5.0}, {'vertical': 2.5, 'horizontal': 1.0}, {'vertical': 2.5, 'horizontal': 9.0}, {'vertical': 5.5, 'horizontal': 5.0}, {'vertical': 2.5, 'horizontal': 3.5}, {'vertical': 2.5, 'horizontal': 6.5}, {'vertical': 5.5, 'horizontal': 2.0}, {'vertical': 5.5, 'horizontal': 8.0}, {'vertical': 8.5, 'horizontal': 5.0}, {'vertical': 8.5, 'horizontal': 2.0}, {'vertical': 8.5, 'horizontal': 8.0}]",347753,80,AC Milan
5,4,433,2,87,90,"[12, 15, 77, 21, 13, 33, 10, 8, 9, 22, 7, 11, 1, 18, 20, 30]","[1, 2, 3, 4, 5, 6, 7, 8, 9, 10, 11, 0, 0, 0, 0, 0]","[2533, 160, 5869, 2579, 500, 28550, 1690, 591, 158, 4644, 23158, 8013, 9868, 871, 23206, 5912]","[{'vertical': 0.0, 'horizontal': 5.0}, {'vertical': 2.5, 'horizontal': 1.0}, {'vertical': 2.5, 'horizontal': 9.0}, {'vertical': 5.5, 'horizontal': 5.0}, {'vertical': 2.5, 'horizontal': 3.5}, {'vertical': 2.5, 'horizontal': 6.5}, {'vertical': 5.5, 'horizontal': 2.0}, {'vertical': 5.5, 'horizontal': 8.0}, {'vertical': 8.5, 'horizontal': 5.0}, {'vertical': 8.5, 'horizontal': 2.0}, {'vertical': 8.5, 'horizontal': 8.0}]",347753,80,AC Milan
