formationNo,formationId,formationName,period,startMinuteExpanded,endMinuteExpanded,jerseyNumbers,formationSlots,playerIds,formationPositions,matchId,awayTeamId,awayTeamName
1,3,41212,16,0,48,"[22, 4, 31, 5, 21, 13, 8, 7, 27, 32, 28, 3, 9, 15, 24, 30, 23, 10]","[1, 2, 3, 4, 5, 6, 7, 8, 9, 10, 11, 0, 0, 0, 0, 0, 0, 0]","[44089, 14127, 2632, 9931, 17950, 44643, 14070, 9731, 10608, 25079, 52380, 34938, 27489, 0, 2139, 34135, 30918, 10233]","[{'vertical': 0.0, 'horizontal': 5.0}, {'vertical': 2.5, 'horizontal': 1.0}, {'vertical': 2.5, 'horizontal': 9.0}, {'vertical': 5.0, 'horizontal': 5.0}, {'vertical': 2.5, 'horizontal': 3.5}, {'vertical': 2.5, 'horizontal': 6.5}, {'vertical': 5.0, 'horizontal': 2.0}, {'vertical': 7.0, 'horizontal': 5.0}, {'vertical': 9.0, 'horizontal': 6.5}, {'vertical': 9.0, 'horizontal': 3.5}, {'vertical': 5.0, 'horizontal': 8.0}]",347821,78,Cagliari
2,3,41212,16,48,55,"[24, 4, 31, 5, 21, 13, 8, 7, 27, 32, 28, 3, 9, 15, 22, 30, 23, 10]","[1, 2, 3, 4, 5, 6, 7, 8, 9, 10, 11, 0, 0, 0, 0, 0, 0, 0]","[2139, 14127, 2632, 9931, 17950, 44643, 14070, 9731, 10608, 25079, 52380, 34938, 27489, 0, 44089, 34135, 30918, 10233]","[{'vertical': 0.0, 'horizontal': 5.0}, {'vertical': 2.5, 'horizontal': 1.0}, {'vertical': 2.5, 'horizontal': 9.0}, {'vertical': 5.0, 'horizontal': 5.0}, {'vertical': 2.5, 'horizontal': 3.5}, {'vertical': 2.5, 'horizontal': 6.5}, {'vertical': 5.0, 'horizontal': 2.0}, {'vertical': 7.0, 'horizontal': 5.0}, {'vertical': 9.0, 'horizontal': 6.5}, {'vertical': 9.0, 'horizontal': 3.5}, {'vertical': 5.0, 'horizontal': 8.0}]",347821,78,Cagliari
3,3,41212,16,55,63,"[24, 4, 31, 5, 21, 13, 8, 10, 27, 32, 28, 3, 9, 15, 22, 30, 23, 7]","[1, 2, 3, 4, 5, 6, 7, 8, 9, 10, 11, 0, 0, 0, 0, 0, 0, 0]","[2139, 14127, 2632, 9931, 17950, 44643, 14070, 10233, 10608, 25079, 52380, 34938, 27489, 0, 44089, 34135, 30918, 9731]","[{'vertical': 0.0, 'horizontal': 5.0}, {'vertical': 2.5, 'horizontal': 1.0}, {'vertical': 2.5, 'horizontal': 9.0}, {'vertical': 5.0, 'horizontal': 5.0}, {'vertical': 2.5, 'horizontal': 3.5}, {'vertical': 2.5, 'horizontal': 6.5}, {'vertical': 5.0, 'horizontal': 2.0}, {'vertical': 7.0, 'horizontal': 5.0}, {'vertical': 9.0, 'horizontal': 6.5}, {'vertical': 9.0, 'horizontal': 3.5}, {'vertical': 5.0, 'horizontal': 8.0}]",347821,78,Cagliari
4,3,41212,16,63,95,"[24, 4, 31, 5, 21, 13, 8, 10, 9, 32, 28, 3, 27, 15, 22, 30, 23, 7]","[1, 2, 3, 4, 5, 6, 7, 8, 9, 10, 11, 0, 0, 0, 0, 0, 0, 0]","[2139, 14127, 2632, 9931, 17950, 44643, 14070, 10233, 27489, 25079, 52380, 34938, 10608, 0, 44089, 34135, 30918, 9731]","[{'vertical': 0.0, 'horizontal': 5.0}, {'vertical': 2.5, 'horizontal': 1.0}, {'vertical': 2.5, 'horizontal': 9.0}, {'vertical': 5.0, 'horizontal': 5.0}, {'vertical': 2.5, 'horizontal': 3.5}, {'vertical': 2.5, 'horizontal': 6.5}, {'vertical': 5.0, 'horizontal': 2.0}, {'vertical': 7.0, 'horizontal': 5.0}, {'vertical': 9.0, 'horizontal': 6.5}, {'vertical': 9.0, 'horizontal': 3.5}, {'vertical': 5.0, 'horizontal': 8.0}]",347821,78,Cagliari
5,3,41212,2,95,93,"[24, 4, 31, 5, 21, 13, 8, 28, 9, 32, 10, 3, 15, 23, 30]","[1, 2, 3, 4, 5, 6, 7, 8, 9, 10, 11, 0, 0, 0, 0]","[2139, 14127, 2632, 9931, 17950, 44643, 14070, 52380, 27489, 25079, 10233, 34938, 0, 30918, 34135]","[{'vertical': 0.0, 'horizontal': 5.0}, {'vertical': 2.5, 'horizontal': 1.0}, {'vertical': 2.5, 'horizontal': 9.0}, {'vertical': 5.0, 'horizontal': 5.0}, {'vertical': 2.5, 'horizontal': 3.5}, {'vertical': 2.5, 'horizontal': 6.5}, {'vertical': 5.0, 'horizontal': 2.0}, {'vertical': 7.0, 'horizontal': 5.0}, {'vertical': 9.0, 'horizontal': 6.5}, {'vertical': 9.0, 'horizontal': 3.5}, {'vertical': 5.0, 'horizontal': 8.0}]",347821,78,Cagliari
