formationNo,formationId,formationName,period,startMinuteExpanded,endMinuteExpanded,jerseyNumbers,formationSlots,playerIds,formationPositions,matchId,homeTeamId,homeTeamName
1,18,3412,16,0,34,"[86, 2, 11, 26, 13, 87, 4, 33, 8, 20, 10, 3, 5, 9, 18, 21, 32, 88]","[1, 2, 3, 4, 5, 6, 7, 8, 9, 10, 11, 0, 0, 0, 0, 0, 0, 0]","[30966, 15302, 12267, 21234, 2690, 24895, 1438, 731, 486, 14152, 14524, 1604, 4138, 4179, 6164, 2567, 465, 22378]","[{'vertical': 0.0, 'horizontal': 5.0}, {'vertical': 5.0, 'horizontal': 1.0}, {'vertical': 5.0, 'horizontal': 9.0}, {'vertical': 2.5, 'horizontal': 8.0}, {'vertical': 2.5, 'horizontal': 5.0}, {'vertical': 2.5, 'horizontal': 2.0}, {'vertical': 5.0, 'horizontal': 3.5}, {'vertical': 5.0, 'horizontal': 6.5}, {'vertical': 6.5, 'horizontal': 5.0}, {'vertical': 9.0, 'horizontal': 3.5}, {'vertical': 9.0, 'horizontal': 6.5}]",347598,77,Lazio
2,18,3412,1,34,35,"[86, 8, 11, 26, 13, 2, 4, 33, 9, 20, 10, 3, 5, 18, 21, 32, 88]","[1, 2, 3, 4, 5, 6, 7, 8, 9, 10, 11, 0, 0, 0, 0, 0, 0]","[30966, 486, 12267, 21234, 2690, 15302, 1438, 731, 4179, 14152, 14524, 1604, 4138, 6164, 2567, 465, 22378]","[{'vertical': 0.0, 'horizontal': 5.0}, {'vertical': 5.0, 'horizontal': 1.0}, {'vertical': 5.0, 'horizontal': 9.0}, {'vertical': 2.5, 'horizontal': 8.0}, {'vertical': 2.5, 'horizontal': 5.0}, {'vertical': 2.5, 'horizontal': 2.0}, {'vertical': 5.0, 'horizontal': 3.5}, {'vertical': 5.0, 'horizontal': 6.5}, {'vertical': 6.5, 'horizontal': 5.0}, {'vertical': 9.0, 'horizontal': 3.5}, {'vertical': 9.0, 'horizontal': 6.5}]",347598,77,Lazio
3,4,433,1,35,36,"[86, 8, 11, 26, 13, 2, 4, 33, 9, 20, 10, 3, 5, 18, 21, 32, 88]","[1, 2, 3, 4, 5, 6, 7, 8, 9, 10, 11, 0, 0, 0, 0, 0, 0]","[30966, 486, 12267, 21234, 2690, 15302, 1438, 731, 4179, 14152, 14524, 1604, 4138, 6164, 2567, 465, 22378]","[{'vertical': 0.0, 'horizontal': 5.0}, {'vertical': 2.5, 'horizontal': 1.0}, {'vertical': 2.5, 'horizontal': 9.0}, {'vertical': 5.5, 'horizontal': 5.0}, {'vertical': 2.5, 'horizontal': 3.5}, {'vertical': 2.5, 'horizontal': 6.5}, {'vertical': 5.5, 'horizontal': 2.0}, {'vertical': 5.5, 'horizontal': 8.0}, {'vertical': 8.5, 'horizontal': 5.0}, {'vertical': 8.5, 'horizontal': 2.0}, {'vertical': 8.5, 'horizontal': 8.0}]",347598,77,Lazio
4,4,433,1,36,70,"[86, 2, 11, 8, 13, 26, 4, 33, 9, 20, 10, 3, 5, 18, 21, 32, 88]","[1, 2, 3, 4, 5, 6, 7, 8, 9, 10, 11, 0, 0, 0, 0, 0, 0]","[30966, 15302, 12267, 486, 2690, 21234, 1438, 731, 4179, 14152, 14524, 1604, 4138, 6164, 2567, 465, 22378]","[{'vertical': 0.0, 'horizontal': 5.0}, {'vertical': 2.5, 'horizontal': 1.0}, {'vertical': 2.5, 'horizontal': 9.0}, {'vertical': 5.5, 'horizontal': 5.0}, {'vertical': 2.5, 'horizontal': 3.5}, {'vertical': 2.5, 'horizontal': 6.5}, {'vertical': 5.5, 'horizontal': 2.0}, {'vertical': 5.5, 'horizontal': 8.0}, {'vertical': 8.5, 'horizontal': 5.0}, {'vertical': 8.5, 'horizontal': 2.0}, {'vertical': 8.5, 'horizontal': 8.0}]",347598,77,Lazio
5,4,433,1,36,36,"[86, 2, 11, 33, 13, 26, 4, 8, 20, 9, 10, 3, 5, 18, 21, 32, 88]","[1, 2, 3, 4, 5, 6, 7, 8, 9, 10, 11, 0, 0, 0, 0, 0, 0]","[30966, 15302, 12267, 731, 2690, 21234, 1438, 486, 14152, 4179, 14524, 1604, 4138, 6164, 2567, 465, 22378]","[{'vertical': 0.0, 'horizontal': 5.0}, {'vertical': 2.5, 'horizontal': 1.0}, {'vertical': 2.5, 'horizontal': 9.0}, {'vertical': 5.5, 'horizontal': 5.0}, {'vertical': 2.5, 'horizontal': 3.5}, {'vertical': 2.5, 'horizontal': 6.5}, {'vertical': 5.5, 'horizontal': 2.0}, {'vertical': 5.5, 'horizontal': 8.0}, {'vertical': 8.5, 'horizontal': 5.0}, {'vertical': 8.5, 'horizontal': 2.0}, {'vertical': 8.5, 'horizontal': 8.0}]",347598,77,Lazio
6,4,433,1,70,72,"[86, 2, 11, 8, 13, 26, 4, 32, 9, 20, 10, 3, 5, 18, 21, 8, 88]","[1, 2, 3, 4, 5, 6, 7, 8, 9, 10, 11, 0, 0, 0, 0, 0, 0]","[30966, 15302, 12267, 486, 2690, 21234, 1438, 465, 4179, 14152, 14524, 1604, 4138, 6164, 2567, 486, 22378]","[{'vertical': 0.0, 'horizontal': 5.0}, {'vertical': 2.5, 'horizontal': 1.0}, {'vertical': 2.5, 'horizontal': 9.0}, {'vertical': 5.5, 'horizontal': 5.0}, {'vertical': 2.5, 'horizontal': 3.5}, {'vertical': 2.5, 'horizontal': 6.5}, {'vertical': 5.5, 'horizontal': 2.0}, {'vertical': 5.5, 'horizontal': 8.0}, {'vertical': 8.5, 'horizontal': 5.0}, {'vertical': 8.5, 'horizontal': 2.0}, {'vertical': 8.5, 'horizontal': 8.0}]",347598,77,Lazio
7,4,433,1,72,73,"[86, 2, 11, 8, 13, 26, 4, 32, 5, 20, 10, 3, 20, 18, 21, 8, 88]","[1, 2, 3, 4, 5, 6, 7, 8, 9, 10, 11, 0, 0, 0, 0, 0, 0]","[30966, 15302, 12267, 486, 2690, 21234, 1438, 465, 4138, 14152, 14524, 1604, 14152, 6164, 2567, 486, 22378]","[{'vertical': 0.0, 'horizontal': 5.0}, {'vertical': 2.5, 'horizontal': 1.0}, {'vertical': 2.5, 'horizontal': 9.0}, {'vertical': 5.5, 'horizontal': 5.0}, {'vertical': 2.5, 'horizontal': 3.5}, {'vertical': 2.5, 'horizontal': 6.5}, {'vertical': 5.5, 'horizontal': 2.0}, {'vertical': 5.5, 'horizontal': 8.0}, {'vertical': 8.5, 'horizontal': 5.0}, {'vertical': 8.5, 'horizontal': 2.0}, {'vertical': 8.5, 'horizontal': 8.0}]",347598,77,Lazio
8,4,433,2,73,93,"[86, 2, 11, 33, 13, 26, 4, 32, 9, 10, 5, 3, 18, 21, 88]","[1, 2, 3, 4, 5, 6, 7, 8, 9, 10, 11, 0, 0, 0, 0]","[30966, 15302, 12267, 731, 2690, 21234, 1438, 465, 4179, 14524, 4138, 1604, 6164, 2567, 22378]","[{'vertical': 0.0, 'horizontal': 5.0}, {'vertical': 2.5, 'horizontal': 1.0}, {'vertical': 2.5, 'horizontal': 9.0}, {'vertical': 5.5, 'horizontal': 5.0}, {'vertical': 2.5, 'horizontal': 3.5}, {'vertical': 2.5, 'horizontal': 6.5}, {'vertical': 5.5, 'horizontal': 2.0}, {'vertical': 5.5, 'horizontal': 8.0}, {'vertical': 8.5, 'horizontal': 5.0}, {'vertical': 8.5, 'horizontal': 2.0}, {'vertical': 8.5, 'horizontal': 8.0}]",347598,77,Lazio
9,3,41212,2,73,73,"[86, 2, 11, 33, 13, 26, 4, 5, 10, 9, 32, 3, 18, 21, 88]","[1, 2, 3, 4, 5, 6, 7, 8, 9, 10, 11, 0, 0, 0, 0]","[30966, 15302, 12267, 731, 2690, 21234, 1438, 4138, 14524, 4179, 465, 1604, 6164, 2567, 22378]","[{'vertical': 0.0, 'horizontal': 5.0}, {'vertical': 2.5, 'horizontal': 1.0}, {'vertical': 2.5, 'horizontal': 9.0}, {'vertical': 5.0, 'horizontal': 5.0}, {'vertical': 2.5, 'horizontal': 3.5}, {'vertical': 2.5, 'horizontal': 6.5}, {'vertical': 5.0, 'horizontal': 2.0}, {'vertical': 7.0, 'horizontal': 5.0}, {'vertical': 9.0, 'horizontal': 6.5}, {'vertical': 9.0, 'horizontal': 3.5}, {'vertical': 5.0, 'horizontal': 8.0}]",347598,77,Lazio
