formationNo,formationId,formationName,period,startMinuteExpanded,endMinuteExpanded,jerseyNumbers,formationSlots,playerIds,formationPositions,matchId,awayTeamId,awayTeamName
1,12,352,16,0,56,"[86, 2, 11, 26, 28, 80, 32, 24, 10, 9, 5, 4, 17, 25, 33, 74, 81, 88]","[1, 2, 3, 4, 5, 6, 7, 8, 9, 10, 11, 0, 0, 0, 0, 0, 0, 0]","[30966, 15302, 12267, 21234, 14137, 16915, 465, 11347, 14524, 4179, 4138, 1438, 6053, 9937, 731, 203, 1739, 22378]","[{'vertical': 0.0, 'horizontal': 5.0}, {'vertical': 6.0, 'horizontal': 1.0}, {'vertical': 6.0, 'horizontal': 9.0}, {'vertical': 2.5, 'horizontal': 8.0}, {'vertical': 2.5, 'horizontal': 5.0}, {'vertical': 2.5, 'horizontal': 2.0}, {'vertical': 6.0, 'horizontal': 3.0}, {'vertical': 6.0, 'horizontal': 7.0}, {'vertical': 9.0, 'horizontal': 3.5}, {'vertical': 9.0, 'horizontal': 6.5}, {'vertical': 6.0, 'horizontal': 5.0}]",348082,77,Lazio
2,12,352,16,56,83,"[86, 2, 11, 26, 28, 80, 32, 24, 10, 74, 5, 4, 17, 25, 33, 9, 81, 88]","[1, 2, 3, 4, 5, 6, 7, 8, 9, 10, 11, 0, 0, 0, 0, 0, 0, 0]","[30966, 15302, 12267, 21234, 14137, 16915, 465, 11347, 14524, 203, 4138, 1438, 6053, 9937, 731, 4179, 1739, 22378]","[{'vertical': 0.0, 'horizontal': 5.0}, {'vertical': 6.0, 'horizontal': 1.0}, {'vertical': 6.0, 'horizontal': 9.0}, {'vertical': 2.5, 'horizontal': 8.0}, {'vertical': 2.5, 'horizontal': 5.0}, {'vertical': 2.5, 'horizontal': 2.0}, {'vertical': 6.0, 'horizontal': 3.0}, {'vertical': 6.0, 'horizontal': 7.0}, {'vertical': 9.0, 'horizontal': 3.5}, {'vertical': 9.0, 'horizontal': 6.5}, {'vertical': 6.0, 'horizontal': 5.0}]",348082,77,Lazio
3,12,352,16,83,89,"[86, 2, 11, 26, 28, 80, 32, 24, 17, 74, 5, 4, 10, 25, 33, 9, 81, 88]","[1, 2, 3, 4, 5, 6, 7, 8, 9, 10, 11, 0, 0, 0, 0, 0, 0, 0]","[30966, 15302, 12267, 21234, 14137, 16915, 465, 11347, 6053, 203, 4138, 1438, 14524, 9937, 731, 4179, 1739, 22378]","[{'vertical': 0.0, 'horizontal': 5.0}, {'vertical': 6.0, 'horizontal': 1.0}, {'vertical': 6.0, 'horizontal': 9.0}, {'vertical': 2.5, 'horizontal': 8.0}, {'vertical': 2.5, 'horizontal': 5.0}, {'vertical': 2.5, 'horizontal': 2.0}, {'vertical': 6.0, 'horizontal': 3.0}, {'vertical': 6.0, 'horizontal': 7.0}, {'vertical': 9.0, 'horizontal': 3.5}, {'vertical': 9.0, 'horizontal': 6.5}, {'vertical': 6.0, 'horizontal': 5.0}]",348082,77,Lazio
4,12,352,16,89,93,"[86, 25, 11, 26, 28, 80, 32, 24, 17, 74, 5, 4, 10, 2, 33, 9, 81, 88]","[1, 2, 3, 4, 5, 6, 7, 8, 9, 10, 11, 0, 0, 0, 0, 0, 0, 0]","[30966, 9937, 12267, 21234, 14137, 16915, 465, 11347, 6053, 203, 4138, 1438, 14524, 15302, 731, 4179, 1739, 22378]","[{'vertical': 0.0, 'horizontal': 5.0}, {'vertical': 6.0, 'horizontal': 1.0}, {'vertical': 6.0, 'horizontal': 9.0}, {'vertical': 2.5, 'horizontal': 8.0}, {'vertical': 2.5, 'horizontal': 5.0}, {'vertical': 2.5, 'horizontal': 2.0}, {'vertical': 6.0, 'horizontal': 3.0}, {'vertical': 6.0, 'horizontal': 7.0}, {'vertical': 9.0, 'horizontal': 3.5}, {'vertical': 9.0, 'horizontal': 6.5}, {'vertical': 6.0, 'horizontal': 5.0}]",348082,77,Lazio
