formationNo,formationId,formationName,period,startMinuteExpanded,endMinuteExpanded,jerseyNumbers,formationSlots,playerIds,formationPositions,matchId,awayTeamId,awayTeamName
1,12,352,16,0,64,"[86, 2, 11, 26, 28, 25, 32, 24, 9, 20, 5, 4, 10, 13, 15, 33, 87, 88]","[1, 2, 3, 4, 5, 6, 7, 8, 9, 10, 11, 0, 0, 0, 0, 0, 0, 0]","[30966, 15302, 12267, 21234, 14137, 9937, 465, 11347, 4179, 14152, 4138, 1438, 14524, 2690, 3099, 731, 24895, 22378]","[{'vertical': 0.0, 'horizontal': 5.0}, {'vertical': 6.0, 'horizontal': 1.0}, {'vertical': 6.0, 'horizontal': 9.0}, {'vertical': 2.5, 'horizontal': 8.0}, {'vertical': 2.5, 'horizontal': 5.0}, {'vertical': 2.5, 'horizontal': 2.0}, {'vertical': 6.0, 'horizontal': 3.0}, {'vertical': 6.0, 'horizontal': 7.0}, {'vertical': 9.0, 'horizontal': 3.5}, {'vertical': 9.0, 'horizontal': 6.5}, {'vertical': 6.0, 'horizontal': 5.0}]",347811,77,Lazio
2,12,352,16,64,82,"[86, 2, 11, 26, 28, 25, 32, 24, 10, 20, 5, 4, 9, 13, 15, 33, 87, 88]","[1, 2, 3, 4, 5, 6, 7, 8, 9, 10, 11, 0, 0, 0, 0, 0, 0, 0]","[30966, 15302, 12267, 21234, 14137, 9937, 465, 11347, 14524, 14152, 4138, 1438, 4179, 2690, 3099, 731, 24895, 22378]","[{'vertical': 0.0, 'horizontal': 5.0}, {'vertical': 6.0, 'horizontal': 1.0}, {'vertical': 6.0, 'horizontal': 9.0}, {'vertical': 2.5, 'horizontal': 8.0}, {'vertical': 2.5, 'horizontal': 5.0}, {'vertical': 2.5, 'horizontal': 2.0}, {'vertical': 6.0, 'horizontal': 3.0}, {'vertical': 6.0, 'horizontal': 7.0}, {'vertical': 9.0, 'horizontal': 3.5}, {'vertical': 9.0, 'horizontal': 6.5}, {'vertical': 6.0, 'horizontal': 5.0}]",347811,77,Lazio
3,12,352,16,82,87,"[86, 2, 11, 26, 28, 25, 32, 24, 10, 20, 4, 5, 9, 13, 15, 33, 87, 88]","[1, 2, 3, 4, 5, 6, 7, 8, 9, 10, 11, 0, 0, 0, 0, 0, 0, 0]","[30966, 15302, 12267, 21234, 14137, 9937, 465, 11347, 14524, 14152, 1438, 4138, 4179, 2690, 3099, 731, 24895, 22378]","[{'vertical': 0.0, 'horizontal': 5.0}, {'vertical': 6.0, 'horizontal': 1.0}, {'vertical': 6.0, 'horizontal': 9.0}, {'vertical': 2.5, 'horizontal': 8.0}, {'vertical': 2.5, 'horizontal': 5.0}, {'vertical': 2.5, 'horizontal': 2.0}, {'vertical': 6.0, 'horizontal': 3.0}, {'vertical': 6.0, 'horizontal': 7.0}, {'vertical': 9.0, 'horizontal': 3.5}, {'vertical': 9.0, 'horizontal': 6.5}, {'vertical': 6.0, 'horizontal': 5.0}]",347811,77,Lazio
4,12,352,16,87,93,"[86, 87, 11, 26, 28, 25, 32, 24, 10, 20, 4, 5, 9, 13, 15, 33, 2, 88]","[1, 2, 3, 4, 5, 6, 7, 8, 9, 10, 11, 0, 0, 0, 0, 0, 0, 0]","[30966, 24895, 12267, 21234, 14137, 9937, 465, 11347, 14524, 14152, 1438, 4138, 4179, 2690, 3099, 731, 15302, 22378]","[{'vertical': 0.0, 'horizontal': 5.0}, {'vertical': 6.0, 'horizontal': 1.0}, {'vertical': 6.0, 'horizontal': 9.0}, {'vertical': 2.5, 'horizontal': 8.0}, {'vertical': 2.5, 'horizontal': 5.0}, {'vertical': 2.5, 'horizontal': 2.0}, {'vertical': 6.0, 'horizontal': 3.0}, {'vertical': 6.0, 'horizontal': 7.0}, {'vertical': 9.0, 'horizontal': 3.5}, {'vertical': 9.0, 'horizontal': 6.5}, {'vertical': 6.0, 'horizontal': 5.0}]",347811,77,Lazio
