formationNo,formationId,formationName,period,startMinuteExpanded,endMinuteExpanded,jerseyNumbers,formationSlots,playerIds,formationPositions,matchId,homeTeamId,homeTeamName
1,2,442,16,0,20,"[32, 8, 6, 15, 77, 5, 22, 17, 90, 9, 70, 1, 2, 13, 18, 19, 20, 72]","[1, 2, 3, 4, 5, 6, 7, 8, 9, 10, 11, 0, 0, 0, 0, 0, 0, 0]","[17953, 12492, 6638, 1969, 13720, 1657, 23043, 25485, 5612, 13901, 15438, 42879, 11348, 18723, 10860, 2565, 12141, 151]","[{'vertical': 0.0, 'horizontal': 5.0}, {'vertical': 2.5, 'horizontal': 1.0}, {'vertical': 2.5, 'horizontal': 9.0}, {'vertical': 6.0, 'horizontal': 3.5}, {'vertical': 2.5, 'horizontal': 3.5}, {'vertical': 2.5, 'horizontal': 6.5}, {'vertical': 6.0, 'horizontal': 1.0}, {'vertical': 6.0, 'horizontal': 6.5}, {'vertical': 9.0, 'horizontal': 6.5}, {'vertical': 9.0, 'horizontal': 3.5}, {'vertical': 6.0, 'horizontal': 9.0}]",347589,300,Atalanta
2,2,442,16,20,69,"[32, 8, 6, 15, 77, 13, 22, 17, 90, 9, 70, 1, 2, 5, 18, 19, 20, 72]","[1, 2, 3, 4, 5, 6, 7, 8, 9, 10, 11, 0, 0, 0, 0, 0, 0, 0]","[17953, 12492, 6638, 1969, 13720, 18723, 23043, 25485, 5612, 13901, 15438, 42879, 11348, 1657, 10860, 2565, 12141, 151]","[{'vertical': 0.0, 'horizontal': 5.0}, {'vertical': 2.5, 'horizontal': 1.0}, {'vertical': 2.5, 'horizontal': 9.0}, {'vertical': 6.0, 'horizontal': 3.5}, {'vertical': 2.5, 'horizontal': 3.5}, {'vertical': 2.5, 'horizontal': 6.5}, {'vertical': 6.0, 'horizontal': 1.0}, {'vertical': 6.0, 'horizontal': 6.5}, {'vertical': 9.0, 'horizontal': 6.5}, {'vertical': 9.0, 'horizontal': 3.5}, {'vertical': 6.0, 'horizontal': 9.0}]",347589,300,Atalanta
3,2,442,16,69,70,"[32, 20, 6, 15, 77, 13, 22, 17, 90, 9, 70, 1, 2, 5, 18, 19, 8, 72]","[1, 2, 3, 4, 5, 6, 7, 8, 9, 10, 11, 0, 0, 0, 0, 0, 0, 0]","[17953, 12141, 6638, 1969, 13720, 18723, 23043, 25485, 5612, 13901, 15438, 42879, 11348, 1657, 10860, 2565, 12492, 151]","[{'vertical': 0.0, 'horizontal': 5.0}, {'vertical': 2.5, 'horizontal': 1.0}, {'vertical': 2.5, 'horizontal': 9.0}, {'vertical': 6.0, 'horizontal': 3.5}, {'vertical': 2.5, 'horizontal': 3.5}, {'vertical': 2.5, 'horizontal': 6.5}, {'vertical': 6.0, 'horizontal': 1.0}, {'vertical': 6.0, 'horizontal': 6.5}, {'vertical': 9.0, 'horizontal': 6.5}, {'vertical': 9.0, 'horizontal': 3.5}, {'vertical': 6.0, 'horizontal': 9.0}]",347589,300,Atalanta
4,2,442,16,70,93,"[32, 20, 6, 15, 77, 13, 22, 17, 90, 72, 70, 1, 2, 5, 18, 19, 8, 9]","[1, 2, 3, 4, 5, 6, 7, 8, 9, 10, 11, 0, 0, 0, 0, 0, 0, 0]","[17953, 12141, 6638, 1969, 13720, 18723, 23043, 25485, 5612, 151, 15438, 42879, 11348, 1657, 10860, 2565, 12492, 13901]","[{'vertical': 0.0, 'horizontal': 5.0}, {'vertical': 2.5, 'horizontal': 1.0}, {'vertical': 2.5, 'horizontal': 9.0}, {'vertical': 6.0, 'horizontal': 3.5}, {'vertical': 2.5, 'horizontal': 3.5}, {'vertical': 2.5, 'horizontal': 6.5}, {'vertical': 6.0, 'horizontal': 1.0}, {'vertical': 6.0, 'horizontal': 6.5}, {'vertical': 9.0, 'horizontal': 6.5}, {'vertical': 9.0, 'horizontal': 3.5}, {'vertical': 6.0, 'horizontal': 9.0}]",347589,300,Atalanta
