formationNo,formationId,formationName,period,startMinuteExpanded,endMinuteExpanded,jerseyNumbers,formationSlots,playerIds,formationPositions,matchId,awayTeamId,awayTeamName
1,8,4231,16,0,69,"[27, 13, 17, 16, 5, 4, 11, 7, 30, 20, 94, 19, 22, 24, 32, 33, 77, 29]","[1, 2, 3, 4, 5, 6, 7, 8, 9, 10, 11, 0, 0, 0, 0, 0, 0, 0]","[24526, 12874, 1045, 5202, 2303, 3729, 5698, 2239, 164, 1964, 10407, 9444, 470, 12473, 14252, 2568, 5785, 10333]","[{'vertical': 0.0, 'horizontal': 5.0}, {'vertical': 2.5, 'horizontal': 1.0}, {'vertical': 2.5, 'horizontal': 9.0}, {'vertical': 5.0, 'horizontal': 6.5}, {'vertical': 2.5, 'horizontal': 3.5}, {'vertical': 2.5, 'horizontal': 6.5}, {'vertical': 7.0, 'horizontal': 2.0}, {'vertical': 5.0, 'horizontal': 3.5}, {'vertical': 9.0, 'horizontal': 5.0}, {'vertical': 7.0, 'horizontal': 5.0}, {'vertical': 7.0, 'horizontal': 8.0}]",347962,84,Roma
2,8,4231,16,69,77,"[27, 77, 17, 16, 5, 4, 11, 7, 30, 20, 94, 19, 22, 24, 32, 33, 13, 29]","[1, 2, 3, 4, 5, 6, 7, 8, 9, 10, 11, 0, 0, 0, 0, 0, 0, 0]","[24526, 5785, 1045, 5202, 2303, 3729, 5698, 2239, 164, 1964, 10407, 9444, 470, 12473, 14252, 2568, 12874, 10333]","[{'vertical': 0.0, 'horizontal': 5.0}, {'vertical': 2.5, 'horizontal': 1.0}, {'vertical': 2.5, 'horizontal': 9.0}, {'vertical': 5.0, 'horizontal': 6.5}, {'vertical': 2.5, 'horizontal': 3.5}, {'vertical': 2.5, 'horizontal': 6.5}, {'vertical': 7.0, 'horizontal': 2.0}, {'vertical': 5.0, 'horizontal': 3.5}, {'vertical': 9.0, 'horizontal': 5.0}, {'vertical': 7.0, 'horizontal': 5.0}, {'vertical': 7.0, 'horizontal': 8.0}]",347962,84,Roma
3,8,4231,16,77,81,"[27, 77, 17, 16, 5, 4, 11, 7, 30, 20, 24, 19, 22, 94, 32, 33, 13, 29]","[1, 2, 3, 4, 5, 6, 7, 8, 9, 10, 11, 0, 0, 0, 0, 0, 0, 0]","[24526, 5785, 1045, 5202, 2303, 3729, 5698, 2239, 164, 1964, 12473, 9444, 470, 10407, 14252, 2568, 12874, 10333]","[{'vertical': 0.0, 'horizontal': 5.0}, {'vertical': 2.5, 'horizontal': 1.0}, {'vertical': 2.5, 'horizontal': 9.0}, {'vertical': 5.0, 'horizontal': 6.5}, {'vertical': 2.5, 'horizontal': 3.5}, {'vertical': 2.5, 'horizontal': 6.5}, {'vertical': 7.0, 'horizontal': 2.0}, {'vertical': 5.0, 'horizontal': 3.5}, {'vertical': 9.0, 'horizontal': 5.0}, {'vertical': 7.0, 'horizontal': 5.0}, {'vertical': 7.0, 'horizontal': 8.0}]",347962,84,Roma
4,12,352,2,81,94,"[25, 59, 46, 16, 4, 13, 3, 21, 99, 9, 24, 1, 87, 90, 91]","[1, 2, 3, 4, 5, 6, 7, 8, 9, 10, 11, 0, 0, 0, 0]","[30580, 67855, 569, 11944, 31356, 14135, 1440, 11399, 2072, 10165, 173, 14129, 44094, 82969, 83189]","[{'vertical': 0.0, 'horizontal': 5.0}, {'vertical': 6.0, 'horizontal': 1.0}, {'vertical': 6.0, 'horizontal': 9.0}, {'vertical': 2.5, 'horizontal': 8.0}, {'vertical': 2.5, 'horizontal': 5.0}, {'vertical': 2.5, 'horizontal': 2.0}, {'vertical': 6.0, 'horizontal': 3.0}, {'vertical': 6.0, 'horizontal': 7.0}, {'vertical': 9.0, 'horizontal': 3.5}, {'vertical': 9.0, 'horizontal': 6.5}, {'vertical': 6.0, 'horizontal': 5.0}]",347962,84,Roma
