formationNo,formationId,formationName,period,startMinuteExpanded,endMinuteExpanded,jerseyNumbers,formationSlots,playerIds,formationPositions,matchId,awayTeamId,awayTeamName
1,6,4411,16,0,57,"[1, 84, 23, 8, 13, 6, 32, 14, 9, 20, 7, 10, 15, 18, 25, 26, 85, 24]","[1, 2, 3, 4, 5, 6, 7, 8, 9, 10, 11, 0, 0, 0, 0, 0, 0, 0]","[42878, 17946, 2557, 9978, 9945, 36096, 67269, 2834, 249, 24666, 19542, 0, 44087, 19940, 2845, 12564, 10657, 4396]","[{'vertical': 0.0, 'horizontal': 5.0}, {'vertical': 2.5, 'horizontal': 1.0}, {'vertical': 2.5, 'horizontal': 9.0}, {'vertical': 5.0, 'horizontal': 3.5}, {'vertical': 2.5, 'horizontal': 3.5}, {'vertical': 2.5, 'horizontal': 6.5}, {'vertical': 5.0, 'horizontal': 1.0}, {'vertical': 5.0, 'horizontal': 6.5}, {'vertical': 9.0, 'horizontal': 5.0}, {'vertical': 6.5, 'horizontal': 5.0}, {'vertical': 5.0, 'horizontal': 9.0}]",347645,71,Bologna
2,6,4411,16,57,63,"[1, 24, 23, 8, 13, 6, 32, 14, 9, 20, 7, 10, 15, 18, 25, 26, 85, 84]","[1, 2, 3, 4, 5, 6, 7, 8, 9, 10, 11, 0, 0, 0, 0, 0, 0, 0]","[42878, 4396, 2557, 9978, 9945, 36096, 67269, 2834, 249, 24666, 19542, 0, 44087, 19940, 2845, 12564, 10657, 17946]","[{'vertical': 0.0, 'horizontal': 5.0}, {'vertical': 2.5, 'horizontal': 1.0}, {'vertical': 2.5, 'horizontal': 9.0}, {'vertical': 5.0, 'horizontal': 3.5}, {'vertical': 2.5, 'horizontal': 3.5}, {'vertical': 2.5, 'horizontal': 6.5}, {'vertical': 5.0, 'horizontal': 1.0}, {'vertical': 5.0, 'horizontal': 6.5}, {'vertical': 9.0, 'horizontal': 5.0}, {'vertical': 6.5, 'horizontal': 5.0}, {'vertical': 5.0, 'horizontal': 9.0}]",347645,71,Bologna
3,6,4411,16,63,63,"[1, 24, 23, 8, 13, 6, 32, 14, 9, 25, 7, 10, 15, 18, 20, 26, 85, 84]","[1, 2, 3, 4, 5, 6, 7, 8, 9, 10, 11, 0, 0, 0, 0, 0, 0, 0]","[42878, 4396, 2557, 9978, 9945, 36096, 67269, 2834, 249, 2845, 19542, 0, 44087, 19940, 24666, 12564, 10657, 17946]","[{'vertical': 0.0, 'horizontal': 5.0}, {'vertical': 2.5, 'horizontal': 1.0}, {'vertical': 2.5, 'horizontal': 9.0}, {'vertical': 5.0, 'horizontal': 3.5}, {'vertical': 2.5, 'horizontal': 3.5}, {'vertical': 2.5, 'horizontal': 6.5}, {'vertical': 5.0, 'horizontal': 1.0}, {'vertical': 5.0, 'horizontal': 6.5}, {'vertical': 9.0, 'horizontal': 5.0}, {'vertical': 6.5, 'horizontal': 5.0}, {'vertical': 5.0, 'horizontal': 9.0}]",347645,71,Bologna
4,6,4411,16,63,94,"[1, 24, 23, 8, 13, 6, 32, 26, 9, 25, 7, 10, 15, 18, 20, 14, 85, 84]","[1, 2, 3, 4, 5, 6, 7, 8, 9, 10, 11, 0, 0, 0, 0, 0, 0, 0]","[42878, 4396, 2557, 9978, 9945, 36096, 67269, 12564, 249, 2845, 19542, 0, 44087, 19940, 24666, 2834, 10657, 17946]","[{'vertical': 0.0, 'horizontal': 5.0}, {'vertical': 2.5, 'horizontal': 1.0}, {'vertical': 2.5, 'horizontal': 9.0}, {'vertical': 5.0, 'horizontal': 3.5}, {'vertical': 2.5, 'horizontal': 3.5}, {'vertical': 2.5, 'horizontal': 6.5}, {'vertical': 5.0, 'horizontal': 1.0}, {'vertical': 5.0, 'horizontal': 6.5}, {'vertical': 9.0, 'horizontal': 5.0}, {'vertical': 6.5, 'horizontal': 5.0}, {'vertical': 5.0, 'horizontal': 9.0}]",347645,71,Bologna
