formationNo,formationId,formationName,period,startMinuteExpanded,endMinuteExpanded,jerseyNumbers,formationSlots,playerIds,formationPositions,matchId,awayTeamId,awayTeamName
1,18,3412,16,0,47,"[26, 11, 8, 2, 28, 14, 5, 23, 17, 27, 19, 1, 16, 18, 21, 33, 77, 91]","[1, 2, 3, 4, 5, 6, 7, 8, 9, 10, 11, 0, 0, 0, 0, 0, 0, 0]","[4500, 2943, 6175, 22093, 538, 5070, 6165, 24997, 13475, 9730, 14484, 9928, 26682, 22890, 14126, 9980, 12747, 83389]","[{'vertical': 0.0, 'horizontal': 5.0}, {'vertical': 5.0, 'horizontal': 1.0}, {'vertical': 5.0, 'horizontal': 9.0}, {'vertical': 2.5, 'horizontal': 8.0}, {'vertical': 2.5, 'horizontal': 5.0}, {'vertical': 2.5, 'horizontal': 2.0}, {'vertical': 5.0, 'horizontal': 3.5}, {'vertical': 5.0, 'horizontal': 6.5}, {'vertical': 6.5, 'horizontal': 5.0}, {'vertical': 9.0, 'horizontal': 3.5}, {'vertical': 9.0, 'horizontal': 6.5}]",347778,276,Napoli
2,18,3412,2,47,72,"[26, 17, 8, 2, 28, 14, 5, 23, 27, 18, 1, 16, 21, 33, 77, 91]","[1, 2, 3, 4, 5, 6, 7, 8, 10, 11, 0, 0, 0, 0, 0, 0]","[4500, 13475, 6175, 22093, 538, 5070, 6165, 24997, 9730, 22890, 9928, 26682, 14126, 9980, 12747, 83389]","[{'vertical': 0.0, 'horizontal': 5.0}, {'vertical': 5.0, 'horizontal': 1.0}, {'vertical': 5.0, 'horizontal': 9.0}, {'vertical': 2.5, 'horizontal': 8.0}, {'vertical': 2.5, 'horizontal': 5.0}, {'vertical': 2.5, 'horizontal': 2.0}, {'vertical': 5.0, 'horizontal': 3.5}, {'vertical': 5.0, 'horizontal': 6.5}, {'vertical': 6.5, 'horizontal': 5.0}, {'vertical': 9.0, 'horizontal': 3.5}, {'vertical': 9.0, 'horizontal': 6.5}]",347778,276,Napoli
3,18,3412,2,72,82,"[26, 17, 8, 2, 28, 14, 5, 23, 27, 19, 18, 16, 21, 33, 77, 91]","[1, 2, 3, 4, 5, 6, 7, 8, 10, 11, 0, 0, 0, 0, 0, 0]","[4500, 13475, 6175, 22093, 538, 5070, 6165, 24997, 9730, 14484, 22890, 26682, 14126, 9980, 12747, 83389]","[{'vertical': 0.0, 'horizontal': 5.0}, {'vertical': 5.0, 'horizontal': 1.0}, {'vertical': 5.0, 'horizontal': 9.0}, {'vertical': 2.5, 'horizontal': 8.0}, {'vertical': 2.5, 'horizontal': 5.0}, {'vertical': 2.5, 'horizontal': 2.0}, {'vertical': 5.0, 'horizontal': 3.5}, {'vertical': 5.0, 'horizontal': 6.5}, {'vertical': 6.5, 'horizontal': 5.0}, {'vertical': 9.0, 'horizontal': 3.5}, {'vertical': 9.0, 'horizontal': 6.5}]",347778,276,Napoli
4,18,3412,2,82,95,"[26, 21, 8, 2, 28, 14, 5, 23, 27, 19, 18, 16, 17, 33, 77, 91]","[1, 2, 3, 4, 5, 6, 7, 8, 10, 11, 0, 0, 0, 0, 0, 0]","[4500, 14126, 6175, 22093, 538, 5070, 6165, 24997, 9730, 14484, 22890, 26682, 13475, 9980, 12747, 83389]","[{'vertical': 0.0, 'horizontal': 5.0}, {'vertical': 5.0, 'horizontal': 1.0}, {'vertical': 5.0, 'horizontal': 9.0}, {'vertical': 2.5, 'horizontal': 8.0}, {'vertical': 2.5, 'horizontal': 5.0}, {'vertical': 2.5, 'horizontal': 2.0}, {'vertical': 5.0, 'horizontal': 3.5}, {'vertical': 5.0, 'horizontal': 6.5}, {'vertical': 6.5, 'horizontal': 5.0}, {'vertical': 9.0, 'horizontal': 3.5}, {'vertical': 9.0, 'horizontal': 6.5}]",347778,276,Napoli
