formationNo,formationId,formationName,period,startMinuteExpanded,endMinuteExpanded,jerseyNumbers,formationSlots,playerIds,formationPositions,matchId,homeTeamId,homeTeamName
1,4,433,16,0,52,"[22, 3, 26, 88, 13, 24, 14, 20, 83, 11, 10, 4, 6, 7, 19, 27, 80, 84]","[1, 2, 3, 4, 5, 6, 7, 8, 9, 10, 11, 0, 0, 0, 0, 0, 0, 0]","[9972, 33878, 5039, 15401, 14066, 18743, 11615, 35549, 6077, 25244, 4018, 44868, 4704, 9894, 83205, 9258, 5680, 10334]","[{'vertical': 0.0, 'horizontal': 5.0}, {'vertical': 2.5, 'horizontal': 1.0}, {'vertical': 2.5, 'horizontal': 9.0}, {'vertical': 5.5, 'horizontal': 5.0}, {'vertical': 2.5, 'horizontal': 3.5}, {'vertical': 2.5, 'horizontal': 6.5}, {'vertical': 5.5, 'horizontal': 2.0}, {'vertical': 5.5, 'horizontal': 8.0}, {'vertical': 8.5, 'horizontal': 5.0}, {'vertical': 8.5, 'horizontal': 2.0}, {'vertical': 8.5, 'horizontal': 8.0}]",347587,86,Udinese
2,4,433,16,52,64,"[22, 3, 26, 88, 13, 24, 14, 7, 83, 11, 10, 4, 6, 20, 19, 27, 80, 84]","[1, 2, 3, 4, 5, 6, 7, 8, 9, 10, 11, 0, 0, 0, 0, 0, 0, 0]","[9972, 33878, 5039, 15401, 14066, 18743, 11615, 9894, 6077, 25244, 4018, 44868, 4704, 35549, 83205, 9258, 5680, 10334]","[{'vertical': 0.0, 'horizontal': 5.0}, {'vertical': 2.5, 'horizontal': 1.0}, {'vertical': 2.5, 'horizontal': 9.0}, {'vertical': 5.5, 'horizontal': 5.0}, {'vertical': 2.5, 'horizontal': 3.5}, {'vertical': 2.5, 'horizontal': 6.5}, {'vertical': 5.5, 'horizontal': 2.0}, {'vertical': 5.5, 'horizontal': 8.0}, {'vertical': 8.5, 'horizontal': 5.0}, {'vertical': 8.5, 'horizontal': 2.0}, {'vertical': 8.5, 'horizontal': 8.0}]",347587,86,Udinese
3,4,433,16,64,76,"[22, 3, 26, 88, 13, 24, 14, 7, 27, 11, 10, 4, 6, 20, 19, 83, 80, 84]","[1, 2, 3, 4, 5, 6, 7, 8, 9, 10, 11, 0, 0, 0, 0, 0, 0, 0]","[9972, 33878, 5039, 15401, 14066, 18743, 11615, 9894, 9258, 25244, 4018, 44868, 4704, 35549, 83205, 6077, 5680, 10334]","[{'vertical': 0.0, 'horizontal': 5.0}, {'vertical': 2.5, 'horizontal': 1.0}, {'vertical': 2.5, 'horizontal': 9.0}, {'vertical': 5.5, 'horizontal': 5.0}, {'vertical': 2.5, 'horizontal': 3.5}, {'vertical': 2.5, 'horizontal': 6.5}, {'vertical': 5.5, 'horizontal': 2.0}, {'vertical': 5.5, 'horizontal': 8.0}, {'vertical': 8.5, 'horizontal': 5.0}, {'vertical': 8.5, 'horizontal': 2.0}, {'vertical': 8.5, 'horizontal': 8.0}]",347587,86,Udinese
4,4,433,16,76,95,"[22, 4, 26, 88, 13, 24, 14, 7, 27, 11, 10, 3, 6, 20, 19, 83, 80, 84]","[1, 2, 3, 4, 5, 6, 7, 8, 9, 10, 11, 0, 0, 0, 0, 0, 0, 0]","[9972, 44868, 5039, 15401, 14066, 18743, 11615, 9894, 9258, 25244, 4018, 33878, 4704, 35549, 83205, 6077, 5680, 10334]","[{'vertical': 0.0, 'horizontal': 5.0}, {'vertical': 2.5, 'horizontal': 1.0}, {'vertical': 2.5, 'horizontal': 9.0}, {'vertical': 5.5, 'horizontal': 5.0}, {'vertical': 2.5, 'horizontal': 3.5}, {'vertical': 2.5, 'horizontal': 6.5}, {'vertical': 5.5, 'horizontal': 2.0}, {'vertical': 5.5, 'horizontal': 8.0}, {'vertical': 8.5, 'horizontal': 5.0}, {'vertical': 8.5, 'horizontal': 2.0}, {'vertical': 8.5, 'horizontal': 8.0}]",347587,86,Udinese
