formationNo,formationId,formationName,period,startMinuteExpanded,endMinuteExpanded,jerseyNumbers,formationSlots,playerIds,formationPositions,matchId,awayTeamId,awayTeamName
1,8,4231,16,0,59,"[1, 25, 23, 4, 2, 16, 24, 28, 11, 8, 19, 15, 18, 21, 22, 29, 35, 48]","[1, 2, 3, 4, 5, 6, 7, 8, 9, 10, 11, 0, 0, 0, 0, 0, 0, 0]","[5263, 1644, 14039, 5997, 2936, 9973, 5852, 22887, 668, 29072, 9926, 1439, 9974, 80831, 68034, 19580, 31104, 69432]","[{'vertical': 0.0, 'horizontal': 5.0}, {'vertical': 2.5, 'horizontal': 1.0}, {'vertical': 2.5, 'horizontal': 9.0}, {'vertical': 5.0, 'horizontal': 6.5}, {'vertical': 2.5, 'horizontal': 3.5}, {'vertical': 2.5, 'horizontal': 6.5}, {'vertical': 7.0, 'horizontal': 2.0}, {'vertical': 5.0, 'horizontal': 3.5}, {'vertical': 9.0, 'horizontal': 5.0}, {'vertical': 7.0, 'horizontal': 5.0}, {'vertical': 7.0, 'horizontal': 8.0}]",347953,73,Fiorentina
2,8,4231,16,59,59,"[1, 29, 23, 4, 2, 16, 24, 28, 11, 8, 19, 15, 18, 21, 22, 25, 35, 48]","[1, 2, 3, 4, 5, 6, 7, 8, 9, 10, 11, 0, 0, 0, 0, 0, 0, 0]","[5263, 19580, 14039, 5997, 2936, 9973, 5852, 22887, 668, 29072, 9926, 1439, 9974, 80831, 68034, 1644, 31104, 69432]","[{'vertical': 0.0, 'horizontal': 5.0}, {'vertical': 2.5, 'horizontal': 1.0}, {'vertical': 2.5, 'horizontal': 9.0}, {'vertical': 5.0, 'horizontal': 6.5}, {'vertical': 2.5, 'horizontal': 3.5}, {'vertical': 2.5, 'horizontal': 6.5}, {'vertical': 7.0, 'horizontal': 2.0}, {'vertical': 5.0, 'horizontal': 3.5}, {'vertical': 9.0, 'horizontal': 5.0}, {'vertical': 7.0, 'horizontal': 5.0}, {'vertical': 7.0, 'horizontal': 8.0}]",347953,73,Fiorentina
3,8,4231,16,59,66,"[1, 29, 21, 4, 2, 16, 24, 28, 11, 8, 19, 15, 18, 23, 22, 25, 35, 48]","[1, 2, 3, 4, 5, 6, 7, 8, 9, 10, 11, 0, 0, 0, 0, 0, 0, 0]","[5263, 19580, 80831, 5997, 2936, 9973, 5852, 22887, 668, 29072, 9926, 1439, 9974, 14039, 68034, 1644, 31104, 69432]","[{'vertical': 0.0, 'horizontal': 5.0}, {'vertical': 2.5, 'horizontal': 1.0}, {'vertical': 2.5, 'horizontal': 9.0}, {'vertical': 5.0, 'horizontal': 6.5}, {'vertical': 2.5, 'horizontal': 3.5}, {'vertical': 2.5, 'horizontal': 6.5}, {'vertical': 7.0, 'horizontal': 2.0}, {'vertical': 5.0, 'horizontal': 3.5}, {'vertical': 9.0, 'horizontal': 5.0}, {'vertical': 7.0, 'horizontal': 5.0}, {'vertical': 7.0, 'horizontal': 8.0}]",347953,73,Fiorentina
4,8,4231,16,66,95,"[1, 29, 21, 4, 2, 16, 24, 18, 11, 8, 19, 15, 28, 23, 22, 25, 35, 48]","[1, 2, 3, 4, 5, 6, 7, 8, 9, 10, 11, 0, 0, 0, 0, 0, 0, 0]","[5263, 19580, 80831, 5997, 2936, 9973, 5852, 9974, 668, 29072, 9926, 1439, 22887, 14039, 68034, 1644, 31104, 69432]","[{'vertical': 0.0, 'horizontal': 5.0}, {'vertical': 2.5, 'horizontal': 1.0}, {'vertical': 2.5, 'horizontal': 9.0}, {'vertical': 5.0, 'horizontal': 6.5}, {'vertical': 2.5, 'horizontal': 3.5}, {'vertical': 2.5, 'horizontal': 6.5}, {'vertical': 7.0, 'horizontal': 2.0}, {'vertical': 5.0, 'horizontal': 3.5}, {'vertical': 9.0, 'horizontal': 5.0}, {'vertical': 7.0, 'horizontal': 5.0}, {'vertical': 7.0, 'horizontal': 8.0}]",347953,73,Fiorentina
