formationNo,formationId,formationName,period,startMinuteExpanded,endMinuteExpanded,jerseyNumbers,formationSlots,playerIds,formationPositions,matchId,awayTeamId,awayTeamName
1,3,41212,16,0,82,"[1, 17, 3, 12, 6, 26, 13, 8, 39, 11, 15, 2, 5, 20, 21, 22, 23, 41]","[1, 2, 3, 4, 5, 6, 7, 8, 9, 10, 11, 0, 0, 0, 0, 0, 0, 0]","[6775, 10685, 342, 15464, 6666, 70, 255, 48, 527, 4384, 1563, 15338, 1832, 2351, 8028, 10874, 23736, 27551]","[{'vertical': 0.0, 'horizontal': 5.0}, {'vertical': 2.5, 'horizontal': 1.0}, {'vertical': 2.5, 'horizontal': 9.0}, {'vertical': 5.0, 'horizontal': 5.0}, {'vertical': 2.5, 'horizontal': 3.5}, {'vertical': 2.5, 'horizontal': 6.5}, {'vertical': 5.0, 'horizontal': 2.0}, {'vertical': 7.0, 'horizontal': 5.0}, {'vertical': 9.0, 'horizontal': 6.5}, {'vertical': 9.0, 'horizontal': 3.5}, {'vertical': 5.0, 'horizontal': 8.0}]",317810,15,Chelsea
2,3,41212,16,82,87,"[1, 17, 3, 12, 6, 26, 13, 20, 39, 11, 15, 2, 5, 8, 21, 22, 23, 41]","[1, 2, 3, 4, 5, 6, 7, 8, 9, 10, 11, 0, 0, 0, 0, 0, 0, 0]","[6775, 10685, 342, 15464, 6666, 70, 255, 2351, 527, 4384, 1563, 15338, 1832, 48, 8028, 10874, 23736, 27551]","[{'vertical': 0.0, 'horizontal': 5.0}, {'vertical': 2.5, 'horizontal': 1.0}, {'vertical': 2.5, 'horizontal': 9.0}, {'vertical': 5.0, 'horizontal': 5.0}, {'vertical': 2.5, 'horizontal': 3.5}, {'vertical': 2.5, 'horizontal': 6.5}, {'vertical': 5.0, 'horizontal': 2.0}, {'vertical': 7.0, 'horizontal': 5.0}, {'vertical': 9.0, 'horizontal': 6.5}, {'vertical': 9.0, 'horizontal': 3.5}, {'vertical': 5.0, 'horizontal': 8.0}]",317810,15,Chelsea
3,3,41212,16,87,93,"[1, 41, 3, 12, 6, 26, 13, 20, 39, 11, 15, 2, 5, 8, 21, 22, 23, 17]","[1, 2, 3, 4, 5, 6, 7, 8, 9, 10, 11, 0, 0, 0, 0, 0, 0, 0]","[6775, 27551, 342, 15464, 6666, 70, 255, 2351, 527, 4384, 1563, 15338, 1832, 48, 8028, 10874, 23736, 10685]","[{'vertical': 0.0, 'horizontal': 5.0}, {'vertical': 2.5, 'horizontal': 1.0}, {'vertical': 2.5, 'horizontal': 9.0}, {'vertical': 5.0, 'horizontal': 5.0}, {'vertical': 2.5, 'horizontal': 3.5}, {'vertical': 2.5, 'horizontal': 6.5}, {'vertical': 5.0, 'horizontal': 2.0}, {'vertical': 7.0, 'horizontal': 5.0}, {'vertical': 9.0, 'horizontal': 6.5}, {'vertical': 9.0, 'horizontal': 3.5}, {'vertical': 5.0, 'horizontal': 8.0}]",317810,15,Chelsea
