formationNo,formationId,formationName,period,startMinuteExpanded,endMinuteExpanded,jerseyNumbers,formationSlots,playerIds,formationPositions,matchId,awayTeamId,awayTeamName
1,5,451,16,0,58,"[1, 22, 32, 6, 26, 19, 5, 12, 15, 8, 10, 2, 3, 9, 20, 21, 35, 39]","[1, 2, 3, 4, 5, 6, 7, 8, 9, 10, 11, 0, 0, 0, 0, 0, 0, 0]","[10133, 22040, 11580, 8194, 562, 19247, 6162, 31549, 3807, 3837, 88, 6434, 13812, 7336, 4905, 7411, 34388, 112]","[{'vertical': 0.0, 'horizontal': 5.0}, {'vertical': 2.5, 'horizontal': 1.0}, {'vertical': 2.5, 'horizontal': 9.0}, {'vertical': 6.0, 'horizontal': 3.0}, {'vertical': 2.5, 'horizontal': 3.5}, {'vertical': 2.5, 'horizontal': 6.5}, {'vertical': 6.0, 'horizontal': 1.0}, {'vertical': 6.0, 'horizontal': 7.0}, {'vertical': 9.0, 'horizontal': 5.0}, {'vertical': 6.0, 'horizontal': 5.0}, {'vertical': 6.0, 'horizontal': 9.0}]",317928,30,Tottenham
2,5,451,16,58,67,"[1, 22, 32, 3, 26, 19, 5, 12, 15, 8, 10, 2, 6, 9, 20, 21, 35, 39]","[1, 2, 3, 4, 5, 6, 7, 8, 9, 10, 11, 0, 0, 0, 0, 0, 0, 0]","[10133, 22040, 11580, 13812, 562, 19247, 6162, 31549, 3807, 3837, 88, 6434, 8194, 7336, 4905, 7411, 34388, 112]","[{'vertical': 0.0, 'horizontal': 5.0}, {'vertical': 2.5, 'horizontal': 1.0}, {'vertical': 2.5, 'horizontal': 9.0}, {'vertical': 6.0, 'horizontal': 3.0}, {'vertical': 2.5, 'horizontal': 3.5}, {'vertical': 2.5, 'horizontal': 6.5}, {'vertical': 6.0, 'horizontal': 1.0}, {'vertical': 6.0, 'horizontal': 7.0}, {'vertical': 9.0, 'horizontal': 5.0}, {'vertical': 6.0, 'horizontal': 5.0}, {'vertical': 6.0, 'horizontal': 9.0}]",317928,30,Tottenham
3,2,442,2,67,88,"[1, 22, 32, 12, 26, 19, 5, 8, 15, 9, 3, 2, 20, 21, 35, 39]","[1, 2, 3, 4, 5, 6, 7, 8, 9, 10, 11, 0, 0, 0, 0, 0]","[10133, 22040, 11580, 31549, 562, 19247, 6162, 3837, 3807, 7336, 13812, 6434, 4905, 7411, 34388, 112]","[{'vertical': 0.0, 'horizontal': 5.0}, {'vertical': 2.5, 'horizontal': 1.0}, {'vertical': 2.5, 'horizontal': 9.0}, {'vertical': 6.0, 'horizontal': 3.5}, {'vertical': 2.5, 'horizontal': 3.5}, {'vertical': 2.5, 'horizontal': 6.5}, {'vertical': 6.0, 'horizontal': 1.0}, {'vertical': 6.0, 'horizontal': 6.5}, {'vertical': 9.0, 'horizontal': 6.5}, {'vertical': 9.0, 'horizontal': 3.5}, {'vertical': 6.0, 'horizontal': 9.0}]",317928,30,Tottenham
4,2,442,2,88,94,"[1, 2, 32, 12, 26, 19, 5, 8, 15, 9, 3, 22, 20, 21, 35, 39]","[1, 2, 3, 4, 5, 6, 7, 8, 9, 10, 11, 0, 0, 0, 0, 0]","[10133, 6434, 11580, 31549, 562, 19247, 6162, 3837, 3807, 7336, 13812, 22040, 4905, 7411, 34388, 112]","[{'vertical': 0.0, 'horizontal': 5.0}, {'vertical': 2.5, 'horizontal': 1.0}, {'vertical': 2.5, 'horizontal': 9.0}, {'vertical': 6.0, 'horizontal': 3.5}, {'vertical': 2.5, 'horizontal': 3.5}, {'vertical': 2.5, 'horizontal': 6.5}, {'vertical': 6.0, 'horizontal': 1.0}, {'vertical': 6.0, 'horizontal': 6.5}, {'vertical': 9.0, 'horizontal': 6.5}, {'vertical': 9.0, 'horizontal': 3.5}, {'vertical': 6.0, 'horizontal': 9.0}]",317928,30,Tottenham
