formationNo,formationId,formationName,period,startMinuteExpanded,endMinuteExpanded,jerseyNumbers,formationSlots,playerIds,formationPositions,matchId,awayTeamId,awayTeamName
1,7,4141,16,0,28,"[22, 18, 4, 6, 5, 12, 27, 11, 14, 21, 7, 9, 15, 16, 17, 26, 30, 31]","[1, 2, 3, 4, 5, 6, 7, 8, 9, 10, 11, 0, 0, 0, 0, 0, 0, 0]","[2366, 7615, 7883, 21422, 11981, 3921, 42915, 1520, 233, 10218, 5823, 4893, 7227, 67922, 2402, 5347, 35607, 722]","[{'vertical': 0.0, 'horizontal': 5.0}, {'vertical': 2.5, 'horizontal': 1.0}, {'vertical': 2.5, 'horizontal': 9.0}, {'vertical': 4.5, 'horizontal': 5.0}, {'vertical': 2.5, 'horizontal': 3.5}, {'vertical': 2.5, 'horizontal': 6.5}, {'vertical': 7.0, 'horizontal': 1.0}, {'vertical': 7.0, 'horizontal': 3.5}, {'vertical': 9.0, 'horizontal': 5.0}, {'vertical': 7.0, 'horizontal': 6.5}, {'vertical': 7.0, 'horizontal': 9.0}]",317938,92,Bolton
2,2,442,1,28,71,"[22, 18, 4, 11, 5, 12, 27, 6, 9, 14, 7, 15, 16, 17, 26, 30, 31]","[1, 2, 3, 4, 5, 6, 7, 8, 9, 10, 11, 0, 0, 0, 0, 0, 0]","[2366, 7615, 7883, 1520, 11981, 3921, 42915, 21422, 4893, 233, 5823, 7227, 67922, 2402, 5347, 35607, 722]","[{'vertical': 0.0, 'horizontal': 5.0}, {'vertical': 2.5, 'horizontal': 1.0}, {'vertical': 2.5, 'horizontal': 9.0}, {'vertical': 6.0, 'horizontal': 3.5}, {'vertical': 2.5, 'horizontal': 3.5}, {'vertical': 2.5, 'horizontal': 6.5}, {'vertical': 6.0, 'horizontal': 1.0}, {'vertical': 6.0, 'horizontal': 6.5}, {'vertical': 9.0, 'horizontal': 6.5}, {'vertical': 9.0, 'horizontal': 3.5}, {'vertical': 6.0, 'horizontal': 9.0}]",317938,92,Bolton
3,2,442,1,71,93,"[22, 15, 4, 11, 5, 12, 27, 6, 9, 14, 7, 18, 16, 17, 26, 30, 31]","[1, 2, 3, 4, 5, 6, 7, 8, 9, 10, 11, 0, 0, 0, 0, 0, 0]","[2366, 7227, 7883, 1520, 11981, 3921, 42915, 21422, 4893, 233, 5823, 7615, 67922, 2402, 5347, 35607, 722]","[{'vertical': 0.0, 'horizontal': 5.0}, {'vertical': 2.5, 'horizontal': 1.0}, {'vertical': 2.5, 'horizontal': 9.0}, {'vertical': 6.0, 'horizontal': 3.5}, {'vertical': 2.5, 'horizontal': 3.5}, {'vertical': 2.5, 'horizontal': 6.5}, {'vertical': 6.0, 'horizontal': 1.0}, {'vertical': 6.0, 'horizontal': 6.5}, {'vertical': 9.0, 'horizontal': 6.5}, {'vertical': 9.0, 'horizontal': 3.5}, {'vertical': 6.0, 'horizontal': 9.0}]",317938,92,Bolton
