formationNo,formationId,formationName,period,startMinuteExpanded,endMinuteExpanded,jerseyNumbers,formationSlots,playerIds,formationPositions,matchId,homeTeamId,homeTeamName
1,8,4231,16,0,70,"[1, 2, 3, 18, 28, 19, 8, 34, 25, 32, 10, 4, 5, 6, 12, 14, 17, 33]","[1, 2, 3, 4, 5, 6, 7, 8, 9, 10, 11, 0, 0, 0, 0, 0, 0, 0]","[1034, 14168, 836, 188, 3817, 8137, 2703, 4608, 6363, 14167, 14247, 11669, 14244, 22606, 2809, 954, 2910, 10136]","[{'vertical': 0.0, 'horizontal': 5.0}, {'vertical': 2.5, 'horizontal': 1.0}, {'vertical': 2.5, 'horizontal': 9.0}, {'vertical': 5.0, 'horizontal': 6.5}, {'vertical': 2.5, 'horizontal': 3.5}, {'vertical': 2.5, 'horizontal': 6.5}, {'vertical': 7.0, 'horizontal': 2.0}, {'vertical': 5.0, 'horizontal': 3.5}, {'vertical': 9.0, 'horizontal': 5.0}, {'vertical': 7.0, 'horizontal': 5.0}, {'vertical': 7.0, 'horizontal': 8.0}]",318025,167,Man City
2,8,4231,16,70,77,"[1, 4, 3, 18, 28, 19, 8, 34, 25, 32, 10, 2, 5, 6, 12, 14, 17, 33]","[1, 2, 3, 4, 5, 6, 7, 8, 9, 10, 11, 0, 0, 0, 0, 0, 0, 0]","[1034, 11669, 836, 188, 3817, 8137, 2703, 4608, 6363, 14167, 14247, 14168, 14244, 22606, 2809, 954, 2910, 10136]","[{'vertical': 0.0, 'horizontal': 5.0}, {'vertical': 2.5, 'horizontal': 1.0}, {'vertical': 2.5, 'horizontal': 9.0}, {'vertical': 5.0, 'horizontal': 6.5}, {'vertical': 2.5, 'horizontal': 3.5}, {'vertical': 2.5, 'horizontal': 6.5}, {'vertical': 7.0, 'horizontal': 2.0}, {'vertical': 5.0, 'horizontal': 3.5}, {'vertical': 9.0, 'horizontal': 5.0}, {'vertical': 7.0, 'horizontal': 5.0}, {'vertical': 7.0, 'horizontal': 8.0}]",318025,167,Man City
3,8,4231,16,77,78,"[1, 4, 33, 18, 28, 19, 8, 34, 25, 32, 10, 2, 5, 6, 12, 14, 17, 3]","[1, 2, 3, 4, 5, 6, 7, 8, 9, 10, 11, 0, 0, 0, 0, 0, 0, 0]","[1034, 11669, 10136, 188, 3817, 8137, 2703, 4608, 6363, 14167, 14247, 14168, 14244, 22606, 2809, 954, 2910, 836]","[{'vertical': 0.0, 'horizontal': 5.0}, {'vertical': 2.5, 'horizontal': 1.0}, {'vertical': 2.5, 'horizontal': 9.0}, {'vertical': 5.0, 'horizontal': 6.5}, {'vertical': 2.5, 'horizontal': 3.5}, {'vertical': 2.5, 'horizontal': 6.5}, {'vertical': 7.0, 'horizontal': 2.0}, {'vertical': 5.0, 'horizontal': 3.5}, {'vertical': 9.0, 'horizontal': 5.0}, {'vertical': 7.0, 'horizontal': 5.0}, {'vertical': 7.0, 'horizontal': 8.0}]",318025,167,Man City
4,8,4231,2,78,93,"[1, 4, 18, 33, 28, 19, 8, 34, 25, 32, 10, 5, 6, 12, 14, 17]","[1, 2, 3, 4, 5, 6, 7, 8, 9, 10, 11, 0, 0, 0, 0, 0]","[1034, 11669, 188, 10136, 3817, 8137, 2703, 4608, 6363, 14167, 14247, 14244, 22606, 2809, 954, 2910]","[{'vertical': 0.0, 'horizontal': 5.0}, {'vertical': 2.5, 'horizontal': 1.0}, {'vertical': 2.5, 'horizontal': 9.0}, {'vertical': 5.0, 'horizontal': 6.5}, {'vertical': 2.5, 'horizontal': 3.5}, {'vertical': 2.5, 'horizontal': 6.5}, {'vertical': 7.0, 'horizontal': 2.0}, {'vertical': 5.0, 'horizontal': 3.5}, {'vertical': 9.0, 'horizontal': 5.0}, {'vertical': 7.0, 'horizontal': 5.0}, {'vertical': 7.0, 'horizontal': 8.0}]",318025,167,Man City
5,8,4231,2,93,95,"[1, 4, 18, 33, 28, 19, 8, 34, 25, 32, 5, 10, 6, 12, 14, 17]","[1, 2, 3, 4, 5, 6, 7, 8, 9, 10, 11, 0, 0, 0, 0, 0]","[1034, 11669, 188, 10136, 3817, 8137, 2703, 4608, 6363, 14167, 14244, 14247, 22606, 2809, 954, 2910]","[{'vertical': 0.0, 'horizontal': 5.0}, {'vertical': 2.5, 'horizontal': 1.0}, {'vertical': 2.5, 'horizontal': 9.0}, {'vertical': 5.0, 'horizontal': 6.5}, {'vertical': 2.5, 'horizontal': 3.5}, {'vertical': 2.5, 'horizontal': 6.5}, {'vertical': 7.0, 'horizontal': 2.0}, {'vertical': 5.0, 'horizontal': 3.5}, {'vertical': 9.0, 'horizontal': 5.0}, {'vertical': 7.0, 'horizontal': 5.0}, {'vertical': 7.0, 'horizontal': 8.0}]",318025,167,Man City
