formationNo,formationId,formationName,period,startMinuteExpanded,endMinuteExpanded,jerseyNumbers,formationSlots,playerIds,formationPositions,matchId,homeTeamId,homeTeamName
1,6,4411,16,0,68,"[1, 6, 3, 20, 19, 5, 7, 45, 9, 29, 11, 8, 12, 10, 17, 15, 30, 24]","[1, 2, 3, 4, 5, 6, 7, 8, 9, 10, 11, 0, 0, 0, 0, 0, 0, 0]","[8462, 12714, 8463, 121, 34221, 2812, 7597, 79583, 26298, 4106, 9623, 197, 8469, 2224, 1033, 529, 40470, 29201]","[{'vertical': 0.0, 'horizontal': 5.0}, {'vertical': 2.5, 'horizontal': 1.0}, {'vertical': 2.5, 'horizontal': 9.0}, {'vertical': 5.0, 'horizontal': 3.5}, {'vertical': 2.5, 'horizontal': 3.5}, {'vertical': 2.5, 'horizontal': 6.5}, {'vertical': 5.0, 'horizontal': 1.0}, {'vertical': 5.0, 'horizontal': 6.5}, {'vertical': 9.0, 'horizontal': 5.0}, {'vertical': 6.5, 'horizontal': 5.0}, {'vertical': 5.0, 'horizontal': 9.0}]",318152,214,Hull
2,6,4411,16,68,88,"[1, 6, 3, 20, 19, 5, 7, 45, 9, 30, 11, 8, 12, 10, 17, 15, 29, 24]","[1, 2, 3, 4, 5, 6, 7, 8, 9, 10, 11, 0, 0, 0, 0, 0, 0, 0]","[8462, 12714, 8463, 121, 34221, 2812, 7597, 79583, 26298, 40470, 9623, 197, 8469, 2224, 1033, 529, 4106, 29201]","[{'vertical': 0.0, 'horizontal': 5.0}, {'vertical': 2.5, 'horizontal': 1.0}, {'vertical': 2.5, 'horizontal': 9.0}, {'vertical': 5.0, 'horizontal': 3.5}, {'vertical': 2.5, 'horizontal': 3.5}, {'vertical': 2.5, 'horizontal': 6.5}, {'vertical': 5.0, 'horizontal': 1.0}, {'vertical': 5.0, 'horizontal': 6.5}, {'vertical': 9.0, 'horizontal': 5.0}, {'vertical': 6.5, 'horizontal': 5.0}, {'vertical': 5.0, 'horizontal': 9.0}]",318152,214,Hull
3,5,451,2,88,92,"[1, 6, 3, 20, 19, 5, 7, 45, 17, 30, 11, 8, 10, 12, 15, 24]","[1, 2, 3, 4, 5, 6, 7, 8, 9, 10, 11, 0, 0, 0, 0, 0]","[8462, 12714, 8463, 121, 34221, 2812, 7597, 79583, 1033, 40470, 9623, 197, 2224, 8469, 529, 29201]","[{'vertical': 0.0, 'horizontal': 5.0}, {'vertical': 2.5, 'horizontal': 1.0}, {'vertical': 2.5, 'horizontal': 9.0}, {'vertical': 6.0, 'horizontal': 3.0}, {'vertical': 2.5, 'horizontal': 3.5}, {'vertical': 2.5, 'horizontal': 6.5}, {'vertical': 6.0, 'horizontal': 1.0}, {'vertical': 6.0, 'horizontal': 7.0}, {'vertical': 9.0, 'horizontal': 5.0}, {'vertical': 6.0, 'horizontal': 5.0}, {'vertical': 6.0, 'horizontal': 9.0}]",318152,214,Hull
4,5,451,2,88,88,"[1, 6, 3, 20, 19, 5, 7, 17, 30, 45, 11, 8, 10, 12, 15, 24]","[1, 2, 3, 4, 5, 6, 7, 8, 9, 10, 11, 0, 0, 0, 0, 0]","[8462, 12714, 8463, 121, 34221, 2812, 7597, 1033, 40470, 79583, 9623, 197, 2224, 8469, 529, 29201]","[{'vertical': 0.0, 'horizontal': 5.0}, {'vertical': 2.5, 'horizontal': 1.0}, {'vertical': 2.5, 'horizontal': 9.0}, {'vertical': 6.0, 'horizontal': 3.0}, {'vertical': 2.5, 'horizontal': 3.5}, {'vertical': 2.5, 'horizontal': 6.5}, {'vertical': 6.0, 'horizontal': 1.0}, {'vertical': 6.0, 'horizontal': 7.0}, {'vertical': 9.0, 'horizontal': 5.0}, {'vertical': 6.0, 'horizontal': 5.0}, {'vertical': 6.0, 'horizontal': 9.0}]",318152,214,Hull
5,5,451,2,92,93,"[1, 24, 3, 20, 19, 5, 7, 45, 17, 30, 11, 8, 10, 12, 15, 6]","[1, 2, 3, 4, 5, 6, 7, 8, 9, 10, 11, 0, 0, 0, 0, 0]","[8462, 29201, 8463, 121, 34221, 2812, 7597, 79583, 1033, 40470, 9623, 197, 2224, 8469, 529, 12714]","[{'vertical': 0.0, 'horizontal': 5.0}, {'vertical': 2.5, 'horizontal': 1.0}, {'vertical': 2.5, 'horizontal': 9.0}, {'vertical': 6.0, 'horizontal': 3.0}, {'vertical': 2.5, 'horizontal': 3.5}, {'vertical': 2.5, 'horizontal': 6.5}, {'vertical': 6.0, 'horizontal': 1.0}, {'vertical': 6.0, 'horizontal': 7.0}, {'vertical': 9.0, 'horizontal': 5.0}, {'vertical': 6.0, 'horizontal': 5.0}, {'vertical': 6.0, 'horizontal': 9.0}]",318152,214,Hull
