formationNo,formationId,formationName,period,startMinuteExpanded,endMinuteExpanded,jerseyNumbers,formationSlots,playerIds,formationPositions,matchId,awayTeamId,awayTeamName
1,2,442,16,0,63,"[1, 39, 5, 15, 4, 6, 12, 7, 22, 26, 21, 9, 16, 17, 18, 23, 27, 32]","[1, 2, 3, 4, 5, 6, 7, 8, 9, 10, 11, 0, 0, 0, 0, 0, 0, 0]","[3874, 4529, 1830, 39935, 14710, 13311, 1158, 4086, 25091, 26734, 33748, 438, 3217, 6065, 1845, 35460, 1199, 5864]","[{'vertical': 0.0, 'horizontal': 5.0}, {'vertical': 2.5, 'horizontal': 1.0}, {'vertical': 2.5, 'horizontal': 9.0}, {'vertical': 6.0, 'horizontal': 3.5}, {'vertical': 2.5, 'horizontal': 3.5}, {'vertical': 2.5, 'horizontal': 6.5}, {'vertical': 6.0, 'horizontal': 1.0}, {'vertical': 6.0, 'horizontal': 6.5}, {'vertical': 9.0, 'horizontal': 6.5}, {'vertical': 9.0, 'horizontal': 3.5}, {'vertical': 6.0, 'horizontal': 9.0}]",318189,158,Blackburn
2,2,442,2,63,68,"[1, 39, 21, 15, 6, 5, 7, 17, 22, 12, 9, 16, 18, 23, 27, 32]","[1, 2, 3, 4, 5, 6, 7, 8, 9, 11, 0, 0, 0, 0, 0, 0]","[3874, 4529, 33748, 39935, 13311, 1830, 4086, 6065, 25091, 1158, 438, 3217, 1845, 35460, 1199, 5864]","[{'vertical': 0.0, 'horizontal': 5.0}, {'vertical': 2.5, 'horizontal': 1.0}, {'vertical': 2.5, 'horizontal': 9.0}, {'vertical': 6.0, 'horizontal': 3.5}, {'vertical': 2.5, 'horizontal': 3.5}, {'vertical': 2.5, 'horizontal': 6.5}, {'vertical': 6.0, 'horizontal': 1.0}, {'vertical': 6.0, 'horizontal': 6.5}, {'vertical': 9.0, 'horizontal': 6.5}, {'vertical': 9.0, 'horizontal': 3.5}, {'vertical': 6.0, 'horizontal': 9.0}]",318189,158,Blackburn
3,2,442,2,68,76,"[1, 27, 21, 15, 6, 5, 7, 17, 22, 12, 9, 16, 18, 23, 39, 32]","[1, 2, 3, 4, 5, 6, 7, 8, 9, 11, 0, 0, 0, 0, 0, 0]","[3874, 1199, 33748, 39935, 13311, 1830, 4086, 6065, 25091, 1158, 438, 3217, 1845, 35460, 4529, 5864]","[{'vertical': 0.0, 'horizontal': 5.0}, {'vertical': 2.5, 'horizontal': 1.0}, {'vertical': 2.5, 'horizontal': 9.0}, {'vertical': 6.0, 'horizontal': 3.5}, {'vertical': 2.5, 'horizontal': 3.5}, {'vertical': 2.5, 'horizontal': 6.5}, {'vertical': 6.0, 'horizontal': 1.0}, {'vertical': 6.0, 'horizontal': 6.5}, {'vertical': 9.0, 'horizontal': 6.5}, {'vertical': 9.0, 'horizontal': 3.5}, {'vertical': 6.0, 'horizontal': 9.0}]",318189,158,Blackburn
4,2,442,2,76,94,"[1, 27, 21, 16, 6, 5, 7, 17, 22, 12, 9, 15, 18, 23, 39, 32]","[1, 2, 3, 4, 5, 6, 7, 8, 9, 11, 0, 0, 0, 0, 0, 0]","[3874, 1199, 33748, 3217, 13311, 1830, 4086, 6065, 25091, 1158, 438, 39935, 1845, 35460, 4529, 5864]","[{'vertical': 0.0, 'horizontal': 5.0}, {'vertical': 2.5, 'horizontal': 1.0}, {'vertical': 2.5, 'horizontal': 9.0}, {'vertical': 6.0, 'horizontal': 3.5}, {'vertical': 2.5, 'horizontal': 3.5}, {'vertical': 2.5, 'horizontal': 6.5}, {'vertical': 6.0, 'horizontal': 1.0}, {'vertical': 6.0, 'horizontal': 6.5}, {'vertical': 9.0, 'horizontal': 6.5}, {'vertical': 9.0, 'horizontal': 3.5}, {'vertical': 6.0, 'horizontal': 9.0}]",318189,158,Blackburn
