formationNo,formationId,formationName,period,startMinuteExpanded,endMinuteExpanded,jerseyNumbers,formationSlots,playerIds,formationPositions,matchId,homeTeamId,homeTeamName
1,2,442,16,0,74,"[1, 2, 3, 24, 5, 15, 25, 16, 10, 9, 17, 13, 18, 20, 26, 29, 32, 45]","[1, 2, 3, 4, 5, 6, 7, 8, 9, 10, 11, 0, 0, 0, 0, 0, 0, 0]","[3101, 119, 6410, 5835, 928, 9685, 18296, 2115, 3859, 2213, 19104, 3203, 11, 44031, 22818, 7884, 26013, 82875]","[{'vertical': 0.0, 'horizontal': 5.0}, {'vertical': 2.5, 'horizontal': 1.0}, {'vertical': 2.5, 'horizontal': 9.0}, {'vertical': 6.0, 'horizontal': 3.5}, {'vertical': 2.5, 'horizontal': 3.5}, {'vertical': 2.5, 'horizontal': 6.5}, {'vertical': 6.0, 'horizontal': 1.0}, {'vertical': 6.0, 'horizontal': 6.5}, {'vertical': 9.0, 'horizontal': 6.5}, {'vertical': 9.0, 'horizontal': 3.5}, {'vertical': 6.0, 'horizontal': 9.0}]",318323,32,Man Utd
2,2,442,16,74,88,"[1, 2, 3, 24, 5, 15, 13, 16, 10, 9, 17, 25, 18, 20, 26, 29, 32, 45]","[1, 2, 3, 4, 5, 6, 7, 8, 9, 10, 11, 0, 0, 0, 0, 0, 0, 0]","[3101, 119, 6410, 5835, 928, 9685, 3203, 2115, 3859, 2213, 19104, 18296, 11, 44031, 22818, 7884, 26013, 82875]","[{'vertical': 0.0, 'horizontal': 5.0}, {'vertical': 2.5, 'horizontal': 1.0}, {'vertical': 2.5, 'horizontal': 9.0}, {'vertical': 6.0, 'horizontal': 3.5}, {'vertical': 2.5, 'horizontal': 3.5}, {'vertical': 2.5, 'horizontal': 6.5}, {'vertical': 6.0, 'horizontal': 1.0}, {'vertical': 6.0, 'horizontal': 6.5}, {'vertical': 9.0, 'horizontal': 6.5}, {'vertical': 9.0, 'horizontal': 3.5}, {'vertical': 6.0, 'horizontal': 9.0}]",318323,32,Man Utd
3,2,442,16,88,93,"[1, 20, 3, 24, 5, 15, 13, 16, 10, 9, 17, 25, 18, 2, 26, 29, 32, 45]","[1, 2, 3, 4, 5, 6, 7, 8, 9, 10, 11, 0, 0, 0, 0, 0, 0, 0]","[3101, 44031, 6410, 5835, 928, 9685, 3203, 2115, 3859, 2213, 19104, 18296, 11, 119, 22818, 7884, 26013, 82875]","[{'vertical': 0.0, 'horizontal': 5.0}, {'vertical': 2.5, 'horizontal': 1.0}, {'vertical': 2.5, 'horizontal': 9.0}, {'vertical': 6.0, 'horizontal': 3.5}, {'vertical': 2.5, 'horizontal': 3.5}, {'vertical': 2.5, 'horizontal': 6.5}, {'vertical': 6.0, 'horizontal': 1.0}, {'vertical': 6.0, 'horizontal': 6.5}, {'vertical': 9.0, 'horizontal': 6.5}, {'vertical': 9.0, 'horizontal': 3.5}, {'vertical': 6.0, 'horizontal': 9.0}]",318323,32,Man Utd
