formationNo,formationId,formationName,period,startMinuteExpanded,endMinuteExpanded,jerseyNumbers,formationSlots,playerIds,formationPositions,matchId,awayTeamId,awayTeamName
1,7,4141,16,0,25,"[1, 27, 39, 15, 4, 5, 7, 8, 22, 12, 21, 9, 17, 18, 20, 23, 26, 32]","[1, 2, 3, 4, 5, 6, 7, 8, 9, 10, 11, 0, 0, 0, 0, 0, 0, 0]","[3874, 1199, 4529, 39935, 14710, 1830, 4086, 407, 25091, 1158, 33748, 438, 6065, 1845, 0, 35460, 26734, 5864]","[{'vertical': 0.0, 'horizontal': 5.0}, {'vertical': 2.5, 'horizontal': 1.0}, {'vertical': 2.5, 'horizontal': 9.0}, {'vertical': 4.5, 'horizontal': 5.0}, {'vertical': 2.5, 'horizontal': 3.5}, {'vertical': 2.5, 'horizontal': 6.5}, {'vertical': 7.0, 'horizontal': 1.0}, {'vertical': 7.0, 'horizontal': 3.5}, {'vertical': 9.0, 'horizontal': 5.0}, {'vertical': 7.0, 'horizontal': 6.5}, {'vertical': 7.0, 'horizontal': 9.0}]",318320,158,Blackburn
2,7,4141,16,25,64,"[32, 27, 39, 15, 4, 5, 7, 8, 22, 12, 21, 9, 17, 18, 20, 23, 26, 1]","[1, 2, 3, 4, 5, 6, 7, 8, 9, 10, 11, 0, 0, 0, 0, 0, 0, 0]","[5864, 1199, 4529, 39935, 14710, 1830, 4086, 407, 25091, 1158, 33748, 438, 6065, 1845, 0, 35460, 26734, 3874]","[{'vertical': 0.0, 'horizontal': 5.0}, {'vertical': 2.5, 'horizontal': 1.0}, {'vertical': 2.5, 'horizontal': 9.0}, {'vertical': 4.5, 'horizontal': 5.0}, {'vertical': 2.5, 'horizontal': 3.5}, {'vertical': 2.5, 'horizontal': 6.5}, {'vertical': 7.0, 'horizontal': 1.0}, {'vertical': 7.0, 'horizontal': 3.5}, {'vertical': 9.0, 'horizontal': 5.0}, {'vertical': 7.0, 'horizontal': 6.5}, {'vertical': 7.0, 'horizontal': 9.0}]",318320,158,Blackburn
3,7,4141,2,64,76,"[32, 27, 39, 15, 4, 5, 12, 8, 22, 17, 21, 9, 18, 20, 23, 26]","[1, 2, 3, 4, 5, 6, 7, 8, 9, 10, 11, 0, 0, 0, 0, 0]","[5864, 1199, 4529, 39935, 14710, 1830, 1158, 407, 25091, 6065, 33748, 438, 1845, 0, 35460, 26734]","[{'vertical': 0.0, 'horizontal': 5.0}, {'vertical': 2.5, 'horizontal': 1.0}, {'vertical': 2.5, 'horizontal': 9.0}, {'vertical': 4.5, 'horizontal': 5.0}, {'vertical': 2.5, 'horizontal': 3.5}, {'vertical': 2.5, 'horizontal': 6.5}, {'vertical': 7.0, 'horizontal': 1.0}, {'vertical': 7.0, 'horizontal': 3.5}, {'vertical': 9.0, 'horizontal': 5.0}, {'vertical': 7.0, 'horizontal': 6.5}, {'vertical': 7.0, 'horizontal': 9.0}]",318320,158,Blackburn
4,2,442,2,76,93,"[32, 27, 39, 8, 4, 17, 12, 15, 22, 26, 21, 9, 18, 20, 23]","[1, 2, 3, 4, 5, 6, 7, 8, 9, 10, 11, 0, 0, 0, 0]","[5864, 1199, 4529, 407, 14710, 6065, 1158, 39935, 25091, 26734, 33748, 438, 1845, 0, 35460]","[{'vertical': 0.0, 'horizontal': 5.0}, {'vertical': 2.5, 'horizontal': 1.0}, {'vertical': 2.5, 'horizontal': 9.0}, {'vertical': 6.0, 'horizontal': 3.5}, {'vertical': 2.5, 'horizontal': 3.5}, {'vertical': 2.5, 'horizontal': 6.5}, {'vertical': 6.0, 'horizontal': 1.0}, {'vertical': 6.0, 'horizontal': 6.5}, {'vertical': 9.0, 'horizontal': 6.5}, {'vertical': 9.0, 'horizontal': 3.5}, {'vertical': 6.0, 'horizontal': 9.0}]",318320,158,Blackburn
