formationNo,formationId,formationName,period,startMinuteExpanded,endMinuteExpanded,jerseyNumbers,formationSlots,playerIds,formationPositions,matchId,homeTeamId,homeTeamName
1,6,4411,16,0,47,"[1, 4, 3, 13, 18, 5, 16, 20, 23, 11, 29, 6, 9, 10, 17, 19, 26, 34]","[1, 2, 3, 4, 5, 6, 7, 8, 9, 10, 11, 0, 0, 0, 0, 0, 0, 0]","[3852, 10212, 1103, 76, 1742, 3165, 824, 4731, 16369, 5095, 561, 5231, 14255, 1094, 15623, 9667, 71345, 35332]","[{'vertical': 0.0, 'horizontal': 5.0}, {'vertical': 2.5, 'horizontal': 1.0}, {'vertical': 2.5, 'horizontal': 9.0}, {'vertical': 5.0, 'horizontal': 3.5}, {'vertical': 2.5, 'horizontal': 3.5}, {'vertical': 2.5, 'horizontal': 6.5}, {'vertical': 5.0, 'horizontal': 1.0}, {'vertical': 5.0, 'horizontal': 6.5}, {'vertical': 9.0, 'horizontal': 5.0}, {'vertical': 6.5, 'horizontal': 5.0}, {'vertical': 5.0, 'horizontal': 9.0}]",318319,170,Fulham
2,6,4411,16,47,87,"[1, 4, 3, 13, 18, 5, 10, 20, 23, 11, 29, 6, 9, 16, 17, 19, 26, 34]","[1, 2, 3, 4, 5, 6, 7, 8, 9, 10, 11, 0, 0, 0, 0, 0, 0, 0]","[3852, 10212, 1103, 76, 1742, 3165, 1094, 4731, 16369, 5095, 561, 5231, 14255, 824, 15623, 9667, 71345, 35332]","[{'vertical': 0.0, 'horizontal': 5.0}, {'vertical': 2.5, 'horizontal': 1.0}, {'vertical': 2.5, 'horizontal': 9.0}, {'vertical': 5.0, 'horizontal': 3.5}, {'vertical': 2.5, 'horizontal': 3.5}, {'vertical': 2.5, 'horizontal': 6.5}, {'vertical': 5.0, 'horizontal': 1.0}, {'vertical': 5.0, 'horizontal': 6.5}, {'vertical': 9.0, 'horizontal': 5.0}, {'vertical': 6.5, 'horizontal': 5.0}, {'vertical': 5.0, 'horizontal': 9.0}]",318319,170,Fulham
3,6,4411,16,87,94,"[1, 9, 3, 13, 18, 5, 10, 20, 23, 11, 29, 6, 4, 16, 17, 19, 26, 34]","[1, 2, 3, 4, 5, 6, 7, 8, 9, 10, 11, 0, 0, 0, 0, 0, 0, 0]","[3852, 14255, 1103, 76, 1742, 3165, 1094, 4731, 16369, 5095, 561, 5231, 10212, 824, 15623, 9667, 71345, 35332]","[{'vertical': 0.0, 'horizontal': 5.0}, {'vertical': 2.5, 'horizontal': 1.0}, {'vertical': 2.5, 'horizontal': 9.0}, {'vertical': 5.0, 'horizontal': 3.5}, {'vertical': 2.5, 'horizontal': 3.5}, {'vertical': 2.5, 'horizontal': 6.5}, {'vertical': 5.0, 'horizontal': 1.0}, {'vertical': 5.0, 'horizontal': 6.5}, {'vertical': 9.0, 'horizontal': 5.0}, {'vertical': 6.5, 'horizontal': 5.0}, {'vertical': 5.0, 'horizontal': 9.0}]",318319,170,Fulham
