formationNo,formationId,formationName,period,startMinuteExpanded,endMinuteExpanded,jerseyNumbers,formationSlots,playerIds,formationPositions,matchId,awayTeamId,awayTeamName
1,5,451,16,0,72,"[13, 23, 3, 27, 6, 16, 32, 8, 29, 14, 17, 1, 9, 11, 15, 19, 20, 34]","[1, 2, 3, 4, 5, 6, 7, 8, 9, 10, 11, 0, 0, 0, 0, 0, 0, 0]","[8197, 11578, 9495, 13827, 1532, 8287, 7579, 8213, 11718, 12713, 8217, 21571, 12715, 15764, 8379, 5024, 15339, 64343]","[{'vertical': 0.0, 'horizontal': 5.0}, {'vertical': 2.5, 'horizontal': 1.0}, {'vertical': 2.5, 'horizontal': 9.0}, {'vertical': 6.0, 'horizontal': 3.0}, {'vertical': 2.5, 'horizontal': 3.5}, {'vertical': 2.5, 'horizontal': 6.5}, {'vertical': 6.0, 'horizontal': 1.0}, {'vertical': 6.0, 'horizontal': 7.0}, {'vertical': 9.0, 'horizontal': 5.0}, {'vertical': 6.0, 'horizontal': 5.0}, {'vertical': 6.0, 'horizontal': 9.0}]",318149,161,Wolves
2,5,451,16,72,82,"[13, 23, 3, 27, 6, 16, 32, 8, 29, 14, 11, 1, 9, 17, 15, 19, 20, 34]","[1, 2, 3, 4, 5, 6, 7, 8, 9, 10, 11, 0, 0, 0, 0, 0, 0, 0]","[8197, 11578, 9495, 13827, 1532, 8287, 7579, 8213, 11718, 12713, 15764, 21571, 12715, 8217, 8379, 5024, 15339, 64343]","[{'vertical': 0.0, 'horizontal': 5.0}, {'vertical': 2.5, 'horizontal': 1.0}, {'vertical': 2.5, 'horizontal': 9.0}, {'vertical': 6.0, 'horizontal': 3.0}, {'vertical': 2.5, 'horizontal': 3.5}, {'vertical': 2.5, 'horizontal': 6.5}, {'vertical': 6.0, 'horizontal': 1.0}, {'vertical': 6.0, 'horizontal': 7.0}, {'vertical': 9.0, 'horizontal': 5.0}, {'vertical': 6.0, 'horizontal': 5.0}, {'vertical': 6.0, 'horizontal': 9.0}]",318149,161,Wolves
3,5,451,16,82,87,"[13, 15, 3, 27, 6, 16, 32, 8, 29, 14, 11, 1, 9, 17, 23, 19, 20, 34]","[1, 2, 3, 4, 5, 6, 7, 8, 9, 10, 11, 0, 0, 0, 0, 0, 0, 0]","[8197, 8379, 9495, 13827, 1532, 8287, 7579, 8213, 11718, 12713, 15764, 21571, 12715, 8217, 11578, 5024, 15339, 64343]","[{'vertical': 0.0, 'horizontal': 5.0}, {'vertical': 2.5, 'horizontal': 1.0}, {'vertical': 2.5, 'horizontal': 9.0}, {'vertical': 6.0, 'horizontal': 3.0}, {'vertical': 2.5, 'horizontal': 3.5}, {'vertical': 2.5, 'horizontal': 6.5}, {'vertical': 6.0, 'horizontal': 1.0}, {'vertical': 6.0, 'horizontal': 7.0}, {'vertical': 9.0, 'horizontal': 5.0}, {'vertical': 6.0, 'horizontal': 5.0}, {'vertical': 6.0, 'horizontal': 9.0}]",318149,161,Wolves
4,5,451,16,87,94,"[13, 15, 3, 34, 6, 16, 32, 8, 29, 14, 11, 1, 9, 17, 23, 19, 20, 27]","[1, 2, 3, 4, 5, 6, 7, 8, 9, 10, 11, 0, 0, 0, 0, 0, 0, 0]","[8197, 8379, 9495, 64343, 1532, 8287, 7579, 8213, 11718, 12713, 15764, 21571, 12715, 8217, 11578, 5024, 15339, 13827]","[{'vertical': 0.0, 'horizontal': 5.0}, {'vertical': 2.5, 'horizontal': 1.0}, {'vertical': 2.5, 'horizontal': 9.0}, {'vertical': 6.0, 'horizontal': 3.0}, {'vertical': 2.5, 'horizontal': 3.5}, {'vertical': 2.5, 'horizontal': 6.5}, {'vertical': 6.0, 'horizontal': 1.0}, {'vertical': 6.0, 'horizontal': 7.0}, {'vertical': 9.0, 'horizontal': 5.0}, {'vertical': 6.0, 'horizontal': 5.0}, {'vertical': 6.0, 'horizontal': 9.0}]",318149,161,Wolves
