formationNo,formationId,formationName,period,startMinuteExpanded,endMinuteExpanded,jerseyNumbers,formationSlots,playerIds,formationPositions,matchId,homeTeamId,homeTeamName
1,5,451,16,0,53,"[1, 6, 3, 13, 18, 26, 16, 20, 25, 11, 29, 2, 7, 9, 17, 19, 23, 27]","[1, 2, 3, 4, 5, 6, 7, 8, 9, 10, 11, 0, 0, 0, 0, 0, 0, 0]","[3852, 5231, 1103, 76, 1742, 71345, 824, 4731, 5025, 5095, 561, 6457, 4965, 14255, 15623, 9667, 16369, 827]","[{'vertical': 0.0, 'horizontal': 5.0}, {'vertical': 2.5, 'horizontal': 1.0}, {'vertical': 2.5, 'horizontal': 9.0}, {'vertical': 6.0, 'horizontal': 3.0}, {'vertical': 2.5, 'horizontal': 3.5}, {'vertical': 2.5, 'horizontal': 6.5}, {'vertical': 6.0, 'horizontal': 1.0}, {'vertical': 6.0, 'horizontal': 7.0}, {'vertical': 9.0, 'horizontal': 5.0}, {'vertical': 6.0, 'horizontal': 5.0}, {'vertical': 6.0, 'horizontal': 9.0}]",318337,170,Fulham
2,5,451,16,53,57,"[1, 6, 3, 13, 18, 26, 16, 20, 23, 11, 29, 2, 7, 9, 17, 19, 25, 27]","[1, 2, 3, 4, 5, 6, 7, 8, 9, 10, 11, 0, 0, 0, 0, 0, 0, 0]","[3852, 5231, 1103, 76, 1742, 71345, 824, 4731, 16369, 5095, 561, 6457, 4965, 14255, 15623, 9667, 5025, 827]","[{'vertical': 0.0, 'horizontal': 5.0}, {'vertical': 2.5, 'horizontal': 1.0}, {'vertical': 2.5, 'horizontal': 9.0}, {'vertical': 6.0, 'horizontal': 3.0}, {'vertical': 2.5, 'horizontal': 3.5}, {'vertical': 2.5, 'horizontal': 6.5}, {'vertical': 6.0, 'horizontal': 1.0}, {'vertical': 6.0, 'horizontal': 7.0}, {'vertical': 9.0, 'horizontal': 5.0}, {'vertical': 6.0, 'horizontal': 5.0}, {'vertical': 6.0, 'horizontal': 9.0}]",318337,170,Fulham
3,2,442,2,57,82,"[1, 6, 3, 13, 18, 26, 16, 20, 23, 9, 29, 2, 7, 17, 19, 27]","[1, 2, 3, 4, 5, 6, 7, 8, 9, 10, 11, 0, 0, 0, 0, 0]","[3852, 5231, 1103, 76, 1742, 71345, 824, 4731, 16369, 14255, 561, 6457, 4965, 15623, 9667, 827]","[{'vertical': 0.0, 'horizontal': 5.0}, {'vertical': 2.5, 'horizontal': 1.0}, {'vertical': 2.5, 'horizontal': 9.0}, {'vertical': 6.0, 'horizontal': 3.5}, {'vertical': 2.5, 'horizontal': 3.5}, {'vertical': 2.5, 'horizontal': 6.5}, {'vertical': 6.0, 'horizontal': 1.0}, {'vertical': 6.0, 'horizontal': 6.5}, {'vertical': 9.0, 'horizontal': 6.5}, {'vertical': 9.0, 'horizontal': 3.5}, {'vertical': 6.0, 'horizontal': 9.0}]",318337,170,Fulham
4,2,442,2,82,94,"[1, 17, 3, 13, 18, 26, 16, 20, 23, 9, 29, 2, 7, 6, 19, 27]","[1, 2, 3, 4, 5, 6, 7, 8, 9, 10, 11, 0, 0, 0, 0, 0]","[3852, 15623, 1103, 76, 1742, 71345, 824, 4731, 16369, 14255, 561, 6457, 4965, 5231, 9667, 827]","[{'vertical': 0.0, 'horizontal': 5.0}, {'vertical': 2.5, 'horizontal': 1.0}, {'vertical': 2.5, 'horizontal': 9.0}, {'vertical': 6.0, 'horizontal': 3.5}, {'vertical': 2.5, 'horizontal': 3.5}, {'vertical': 2.5, 'horizontal': 6.5}, {'vertical': 6.0, 'horizontal': 1.0}, {'vertical': 6.0, 'horizontal': 6.5}, {'vertical': 9.0, 'horizontal': 6.5}, {'vertical': 9.0, 'horizontal': 3.5}, {'vertical': 6.0, 'horizontal': 9.0}]",318337,170,Fulham
