formationNo,formationId,formationName,period,startMinuteExpanded,endMinuteExpanded,jerseyNumbers,formationSlots,playerIds,formationPositions,matchId,homeTeamId,homeTeamName
1,2,442,16,0,49,"[1, 20, 18, 14, 30, 15, 21, 8, 10, 12, 32, 7, 9, 11, 22, 29, 33, 46]","[1, 2, 3, 4, 5, 6, 7, 8, 9, 10, 11, 0, 0, 0, 0, 0, 0, 0]","[7890, 10455, 9100, 10186, 33930, 2299, 12462, 270, 14228, 3839, 30310, 93, 10406, 5773, 19864, 43386, 35391, 69912]","[{'vertical': 0.0, 'horizontal': 5.0}, {'vertical': 2.5, 'horizontal': 1.0}, {'vertical': 2.5, 'horizontal': 9.0}, {'vertical': 6.0, 'horizontal': 3.5}, {'vertical': 2.5, 'horizontal': 3.5}, {'vertical': 2.5, 'horizontal': 6.5}, {'vertical': 6.0, 'horizontal': 1.0}, {'vertical': 6.0, 'horizontal': 6.5}, {'vertical': 9.0, 'horizontal': 6.5}, {'vertical': 9.0, 'horizontal': 3.5}, {'vertical': 6.0, 'horizontal': 9.0}]",318311,29,West Ham
2,2,442,16,49,69,"[1, 7, 18, 14, 30, 15, 21, 8, 10, 12, 32, 20, 9, 11, 22, 29, 33, 46]","[1, 2, 3, 4, 5, 6, 7, 8, 9, 10, 11, 0, 0, 0, 0, 0, 0, 0]","[7890, 93, 9100, 10186, 33930, 2299, 12462, 270, 14228, 3839, 30310, 10455, 10406, 5773, 19864, 43386, 35391, 69912]","[{'vertical': 0.0, 'horizontal': 5.0}, {'vertical': 2.5, 'horizontal': 1.0}, {'vertical': 2.5, 'horizontal': 9.0}, {'vertical': 6.0, 'horizontal': 3.5}, {'vertical': 2.5, 'horizontal': 3.5}, {'vertical': 2.5, 'horizontal': 6.5}, {'vertical': 6.0, 'horizontal': 1.0}, {'vertical': 6.0, 'horizontal': 6.5}, {'vertical': 9.0, 'horizontal': 6.5}, {'vertical': 9.0, 'horizontal': 3.5}, {'vertical': 6.0, 'horizontal': 9.0}]",318311,29,West Ham
3,2,442,16,69,78,"[1, 7, 18, 14, 30, 15, 21, 8, 11, 12, 32, 20, 9, 10, 22, 29, 33, 46]","[1, 2, 3, 4, 5, 6, 7, 8, 9, 10, 11, 0, 0, 0, 0, 0, 0, 0]","[7890, 93, 9100, 10186, 33930, 2299, 12462, 270, 5773, 3839, 30310, 10455, 10406, 14228, 19864, 43386, 35391, 69912]","[{'vertical': 0.0, 'horizontal': 5.0}, {'vertical': 2.5, 'horizontal': 1.0}, {'vertical': 2.5, 'horizontal': 9.0}, {'vertical': 6.0, 'horizontal': 3.5}, {'vertical': 2.5, 'horizontal': 3.5}, {'vertical': 2.5, 'horizontal': 6.5}, {'vertical': 6.0, 'horizontal': 1.0}, {'vertical': 6.0, 'horizontal': 6.5}, {'vertical': 9.0, 'horizontal': 6.5}, {'vertical': 9.0, 'horizontal': 3.5}, {'vertical': 6.0, 'horizontal': 9.0}]",318311,29,West Ham
4,2,442,2,78,95,"[1, 21, 18, 7, 30, 15, 32, 8, 11, 12, 46, 9, 22, 29, 33]","[1, 2, 3, 4, 5, 6, 7, 8, 9, 10, 11, 0, 0, 0, 0]","[7890, 12462, 9100, 93, 33930, 2299, 30310, 270, 5773, 3839, 69912, 10406, 19864, 43386, 35391]","[{'vertical': 0.0, 'horizontal': 5.0}, {'vertical': 2.5, 'horizontal': 1.0}, {'vertical': 2.5, 'horizontal': 9.0}, {'vertical': 6.0, 'horizontal': 3.5}, {'vertical': 2.5, 'horizontal': 3.5}, {'vertical': 2.5, 'horizontal': 6.5}, {'vertical': 6.0, 'horizontal': 1.0}, {'vertical': 6.0, 'horizontal': 6.5}, {'vertical': 9.0, 'horizontal': 6.5}, {'vertical': 9.0, 'horizontal': 3.5}, {'vertical': 6.0, 'horizontal': 9.0}]",318311,29,West Ham
