formationNo,formationId,formationName,period,startMinuteExpanded,endMinuteExpanded,jerseyNumbers,formationSlots,playerIds,formationPositions,matchId,awayTeamId,awayTeamName
1,2,442,16,0,65,"[1, 2, 25, 19, 29, 5, 8, 4, 11, 10, 7, 6, 14, 15, 17, 22, 23, 24]","[1, 2, 3, 4, 5, 6, 7, 8, 9, 10, 11, 0, 0, 0, 0, 0, 0, 0]","[3426, 1207, 7864, 2216, 8148, 831, 4511, 5554, 14036, 2928, 8166, 5641, 42146, 8484, 21072, 28746, 1797, 9432]","[{'vertical': 0.0, 'horizontal': 5.0}, {'vertical': 2.5, 'horizontal': 1.0}, {'vertical': 2.5, 'horizontal': 9.0}, {'vertical': 6.0, 'horizontal': 3.5}, {'vertical': 2.5, 'horizontal': 3.5}, {'vertical': 2.5, 'horizontal': 6.5}, {'vertical': 6.0, 'horizontal': 1.0}, {'vertical': 6.0, 'horizontal': 6.5}, {'vertical': 9.0, 'horizontal': 6.5}, {'vertical': 9.0, 'horizontal': 3.5}, {'vertical': 6.0, 'horizontal': 9.0}]",318347,24,Aston Villa
2,2,442,2,65,74,"[1, 2, 25, 8, 29, 5, 6, 4, 11, 14, 7, 15, 17, 22, 23, 24]","[1, 2, 3, 4, 5, 6, 7, 8, 9, 10, 11, 0, 0, 0, 0, 0]","[3426, 1207, 7864, 4511, 8148, 831, 5641, 5554, 14036, 42146, 8166, 8484, 21072, 28746, 1797, 9432]","[{'vertical': 0.0, 'horizontal': 5.0}, {'vertical': 2.5, 'horizontal': 1.0}, {'vertical': 2.5, 'horizontal': 9.0}, {'vertical': 6.0, 'horizontal': 3.5}, {'vertical': 2.5, 'horizontal': 3.5}, {'vertical': 2.5, 'horizontal': 6.5}, {'vertical': 6.0, 'horizontal': 1.0}, {'vertical': 6.0, 'horizontal': 6.5}, {'vertical': 9.0, 'horizontal': 6.5}, {'vertical': 9.0, 'horizontal': 3.5}, {'vertical': 6.0, 'horizontal': 9.0}]",318347,24,Aston Villa
3,5,451,2,74,76,"[1, 2, 25, 8, 29, 5, 23, 4, 14, 6, 7, 15, 17, 22, 24]","[1, 2, 3, 4, 5, 6, 7, 8, 9, 10, 11, 0, 0, 0, 0]","[3426, 1207, 7864, 4511, 8148, 831, 1797, 5554, 42146, 5641, 8166, 8484, 21072, 28746, 9432]","[{'vertical': 0.0, 'horizontal': 5.0}, {'vertical': 2.5, 'horizontal': 1.0}, {'vertical': 2.5, 'horizontal': 9.0}, {'vertical': 6.0, 'horizontal': 3.0}, {'vertical': 2.5, 'horizontal': 3.5}, {'vertical': 2.5, 'horizontal': 6.5}, {'vertical': 6.0, 'horizontal': 1.0}, {'vertical': 6.0, 'horizontal': 7.0}, {'vertical': 9.0, 'horizontal': 5.0}, {'vertical': 6.0, 'horizontal': 5.0}, {'vertical': 6.0, 'horizontal': 9.0}]",318347,24,Aston Villa
4,2,442,2,76,94,"[1, 23, 2, 8, 29, 5, 6, 4, 14, 7, 25, 15, 17, 22, 24]","[1, 2, 3, 4, 5, 6, 7, 8, 9, 10, 11, 0, 0, 0, 0]","[3426, 1797, 1207, 4511, 8148, 831, 5641, 5554, 42146, 8166, 7864, 8484, 21072, 28746, 9432]","[{'vertical': 0.0, 'horizontal': 5.0}, {'vertical': 2.5, 'horizontal': 1.0}, {'vertical': 2.5, 'horizontal': 9.0}, {'vertical': 6.0, 'horizontal': 3.5}, {'vertical': 2.5, 'horizontal': 3.5}, {'vertical': 2.5, 'horizontal': 6.5}, {'vertical': 6.0, 'horizontal': 1.0}, {'vertical': 6.0, 'horizontal': 6.5}, {'vertical': 9.0, 'horizontal': 6.5}, {'vertical': 9.0, 'horizontal': 3.5}, {'vertical': 6.0, 'horizontal': 9.0}]",318347,24,Aston Villa
