formationNo,formationId,formationName,period,startMinuteExpanded,endMinuteExpanded,jerseyNumbers,formationSlots,playerIds,formationPositions,matchId,awayTeamId,awayTeamName
1,4,433,16,0,68,"[32, 27, 5, 15, 4, 28, 8, 12, 9, 18, 21, 7, 11, 22, 23, 26, 38, 39]","[1, 2, 3, 4, 5, 6, 7, 8, 9, 10, 11, 0, 0, 0, 0, 0, 0, 0]","[5864, 1199, 1830, 39935, 14710, 81726, 407, 1158, 438, 1845, 33748, 4086, 4476, 25091, 35460, 26734, 8798, 4529]","[{'vertical': 0.0, 'horizontal': 5.0}, {'vertical': 2.5, 'horizontal': 1.0}, {'vertical': 2.5, 'horizontal': 9.0}, {'vertical': 5.5, 'horizontal': 5.0}, {'vertical': 2.5, 'horizontal': 3.5}, {'vertical': 2.5, 'horizontal': 6.5}, {'vertical': 5.5, 'horizontal': 2.0}, {'vertical': 5.5, 'horizontal': 8.0}, {'vertical': 8.5, 'horizontal': 5.0}, {'vertical': 8.5, 'horizontal': 2.0}, {'vertical': 8.5, 'horizontal': 8.0}]",318348,158,Blackburn
2,4,433,16,68,76,"[32, 27, 5, 15, 4, 28, 8, 12, 9, 7, 21, 18, 11, 22, 23, 26, 38, 39]","[1, 2, 3, 4, 5, 6, 7, 8, 9, 10, 11, 0, 0, 0, 0, 0, 0, 0]","[5864, 1199, 1830, 39935, 14710, 81726, 407, 1158, 438, 4086, 33748, 1845, 4476, 25091, 35460, 26734, 8798, 4529]","[{'vertical': 0.0, 'horizontal': 5.0}, {'vertical': 2.5, 'horizontal': 1.0}, {'vertical': 2.5, 'horizontal': 9.0}, {'vertical': 5.5, 'horizontal': 5.0}, {'vertical': 2.5, 'horizontal': 3.5}, {'vertical': 2.5, 'horizontal': 6.5}, {'vertical': 5.5, 'horizontal': 2.0}, {'vertical': 5.5, 'horizontal': 8.0}, {'vertical': 8.5, 'horizontal': 5.0}, {'vertical': 8.5, 'horizontal': 2.0}, {'vertical': 8.5, 'horizontal': 8.0}]",318348,158,Blackburn
3,4,433,16,76,86,"[32, 27, 5, 15, 4, 28, 8, 12, 26, 7, 21, 18, 11, 22, 23, 9, 38, 39]","[1, 2, 3, 4, 5, 6, 7, 8, 9, 10, 11, 0, 0, 0, 0, 0, 0, 0]","[5864, 1199, 1830, 39935, 14710, 81726, 407, 1158, 26734, 4086, 33748, 1845, 4476, 25091, 35460, 438, 8798, 4529]","[{'vertical': 0.0, 'horizontal': 5.0}, {'vertical': 2.5, 'horizontal': 1.0}, {'vertical': 2.5, 'horizontal': 9.0}, {'vertical': 5.5, 'horizontal': 5.0}, {'vertical': 2.5, 'horizontal': 3.5}, {'vertical': 2.5, 'horizontal': 6.5}, {'vertical': 5.5, 'horizontal': 2.0}, {'vertical': 5.5, 'horizontal': 8.0}, {'vertical': 8.5, 'horizontal': 5.0}, {'vertical': 8.5, 'horizontal': 2.0}, {'vertical': 8.5, 'horizontal': 8.0}]",318348,158,Blackburn
4,4,433,16,86,95,"[32, 39, 5, 15, 4, 28, 8, 12, 26, 7, 21, 18, 11, 22, 23, 9, 38, 27]","[1, 2, 3, 4, 5, 6, 7, 8, 9, 10, 11, 0, 0, 0, 0, 0, 0, 0]","[5864, 4529, 1830, 39935, 14710, 81726, 407, 1158, 26734, 4086, 33748, 1845, 4476, 25091, 35460, 438, 8798, 1199]","[{'vertical': 0.0, 'horizontal': 5.0}, {'vertical': 2.5, 'horizontal': 1.0}, {'vertical': 2.5, 'horizontal': 9.0}, {'vertical': 5.5, 'horizontal': 5.0}, {'vertical': 2.5, 'horizontal': 3.5}, {'vertical': 2.5, 'horizontal': 6.5}, {'vertical': 5.5, 'horizontal': 2.0}, {'vertical': 5.5, 'horizontal': 8.0}, {'vertical': 8.5, 'horizontal': 5.0}, {'vertical': 8.5, 'horizontal': 2.0}, {'vertical': 8.5, 'horizontal': 8.0}]",318348,158,Blackburn
