formationNo,formationId,formationName,period,startMinuteExpanded,endMinuteExpanded,jerseyNumbers,formationSlots,playerIds,formationPositions,matchId,awayTeamId,awayTeamName
1,2,442,16,0,53,"[25, 21, 6, 12, 14, 15, 33, 17, 11, 10, 18, 1, 3, 7, 16, 20, 28, 32]","[1, 2, 3, 4, 5, 6, 7, 8, 9, 10, 11, 0, 0, 0, 0, 0, 0, 0]","[8786, 4299, 6403, 4737, 8680, 12124, 14038, 26632, 20986, 10737, 29086, 4499, 4553, 11235, 4762, 1344, 1750, 83342]","[{'vertical': 0.0, 'horizontal': 5.0}, {'vertical': 2.5, 'horizontal': 1.0}, {'vertical': 2.5, 'horizontal': 9.0}, {'vertical': 6.0, 'horizontal': 3.5}, {'vertical': 2.5, 'horizontal': 3.5}, {'vertical': 2.5, 'horizontal': 6.5}, {'vertical': 6.0, 'horizontal': 1.0}, {'vertical': 6.0, 'horizontal': 6.5}, {'vertical': 9.0, 'horizontal': 6.5}, {'vertical': 9.0, 'horizontal': 3.5}, {'vertical': 6.0, 'horizontal': 9.0}]",318158,157,Birmingham
2,2,442,16,53,79,"[25, 28, 6, 12, 14, 15, 33, 17, 11, 10, 18, 1, 3, 7, 16, 20, 21, 32]","[1, 2, 3, 4, 5, 6, 7, 8, 9, 10, 11, 0, 0, 0, 0, 0, 0, 0]","[8786, 1750, 6403, 4737, 8680, 12124, 14038, 26632, 20986, 10737, 29086, 4499, 4553, 11235, 4762, 1344, 4299, 83342]","[{'vertical': 0.0, 'horizontal': 5.0}, {'vertical': 2.5, 'horizontal': 1.0}, {'vertical': 2.5, 'horizontal': 9.0}, {'vertical': 6.0, 'horizontal': 3.5}, {'vertical': 2.5, 'horizontal': 3.5}, {'vertical': 2.5, 'horizontal': 6.5}, {'vertical': 6.0, 'horizontal': 1.0}, {'vertical': 6.0, 'horizontal': 6.5}, {'vertical': 9.0, 'horizontal': 6.5}, {'vertical': 9.0, 'horizontal': 3.5}, {'vertical': 6.0, 'horizontal': 9.0}]",318158,157,Birmingham
3,2,442,16,79,82,"[25, 28, 6, 12, 14, 15, 33, 7, 11, 10, 18, 1, 3, 17, 16, 20, 21, 32]","[1, 2, 3, 4, 5, 6, 7, 8, 9, 10, 11, 0, 0, 0, 0, 0, 0, 0]","[8786, 1750, 6403, 4737, 8680, 12124, 14038, 11235, 20986, 10737, 29086, 4499, 4553, 26632, 4762, 1344, 4299, 83342]","[{'vertical': 0.0, 'horizontal': 5.0}, {'vertical': 2.5, 'horizontal': 1.0}, {'vertical': 2.5, 'horizontal': 9.0}, {'vertical': 6.0, 'horizontal': 3.5}, {'vertical': 2.5, 'horizontal': 3.5}, {'vertical': 2.5, 'horizontal': 6.5}, {'vertical': 6.0, 'horizontal': 1.0}, {'vertical': 6.0, 'horizontal': 6.5}, {'vertical': 9.0, 'horizontal': 6.5}, {'vertical': 9.0, 'horizontal': 3.5}, {'vertical': 6.0, 'horizontal': 9.0}]",318158,157,Birmingham
4,2,442,16,82,94,"[25, 28, 6, 12, 14, 15, 33, 7, 16, 10, 18, 1, 3, 17, 11, 20, 21, 32]","[1, 2, 3, 4, 5, 6, 7, 8, 9, 10, 11, 0, 0, 0, 0, 0, 0, 0]","[8786, 1750, 6403, 4737, 8680, 12124, 14038, 11235, 4762, 10737, 29086, 4499, 4553, 26632, 20986, 1344, 4299, 83342]","[{'vertical': 0.0, 'horizontal': 5.0}, {'vertical': 2.5, 'horizontal': 1.0}, {'vertical': 2.5, 'horizontal': 9.0}, {'vertical': 6.0, 'horizontal': 3.5}, {'vertical': 2.5, 'horizontal': 3.5}, {'vertical': 2.5, 'horizontal': 6.5}, {'vertical': 6.0, 'horizontal': 1.0}, {'vertical': 6.0, 'horizontal': 6.5}, {'vertical': 9.0, 'horizontal': 6.5}, {'vertical': 9.0, 'horizontal': 3.5}, {'vertical': 6.0, 'horizontal': 9.0}]",318158,157,Birmingham
